0  0
0.01  1935.4
0.02  0
0.03  0
0.04  0
0.05  0
0.06  0
0.07  0
0.08  0
0.09  0
0.1  0
0.11  0
0.12  0
0.13  0
0.14  0
0.15  0
0.16  0
0.17  0
0.18  0
0.19  0
0.2  0
0.21  0
0.22  0
0.23  0
0.24  0
0.25  0
0.26  0
0.27  0
0.28  0
0.29  0
0.3  0
0.31  0
0.32  0
0.33  0
0.34  0
0.35  0
0.36  0
0.37  0
0.38  0
0.39  0
0.4  0
0.41  0
0.42  0
0.43  0
0.44  0
0.45  0
0.46  0
0.47  0
0.48  0
0.49  0
0.5  0
0.51  0
0.52  0
0.53  0
0.54  0
0.55  0
0.56  0
0.57  0
0.58  0
0.59  0
0.6  0
0.61  0
0.62  0
0.63  0
0.64  0
0.65  0
0.66  0
0.67  0
0.68  0
0.69  0
0.7  0
0.71  0
0.72  0
0.73  0
0.74  0
0.75  0
0.76  0
0.77  0
0.78  0
0.79  0
0.8  0
0.81  0
0.82  0
0.83  0
0.84  0
0.85  0
0.86  0
0.87  0
0.88  0
0.89  0
0.9  0
0.91  0
0.92  0
0.93  0
0.94  0
0.95  0
0.96  0
0.97  0
0.98  0
0.99  0
1  6.2876
1.01  0.516087
1.02  0.795787
1.03  1.15528
1.04  1.57325
1.05  2.01196
1.06  2.51667
1.07  2.96996
1.08  3.41836
1.09  3.7832
1.1  4.1212
1.11  4.35039
1.12  4.45557
1.13  4.54831
1.14  4.52523
1.15  4.40904
1.16  4.23299
1.17  4.03959
1.18  3.74175
1.19  3.46619
1.2  3.20759
1.21  2.90017
1.22  2.59949
1.23  2.34936
1.24  2.0766
1.25  1.84154
1.26  1.6324
1.27  1.43036
1.28  1.26564
1.29  1.11791
1.3  0.967429
1.31  0.84018
1.32  0.738016
1.33  0.651653
1.34  0.566908
1.35  0.500966
1.36  0.442643
1.37  0.402248
1.38  0.352715
1.39  0.320902
1.4  0.286208
1.41  0.258211
1.42  0.236318
1.43  0.21243
1.44  0.188873
1.45  0.181401
1.46  0.162385
1.47  0.159709
1.48  0.150162
1.49  0.142888
1.5  0.140133
1.51  0.135169
1.52  0.122996
1.53  0.124633
1.54  0.125706
1.55  0.12033
1.56  0.124284
1.57  0.120894
1.58  0.118574
1.59  0.116066
1.6  0.119795
1.61  0.121859
1.62  0.117891
1.63  0.122685
1.64  0.124934
1.65  0.128198
1.66  0.128965
1.67  0.135815
1.68  0.1329
1.69  0.144415
1.7  0.147353
1.71  0.157384
1.72  0.167184
1.73  0.174541
1.74  0.195032
1.75  0.216216
1.76  0.231323
1.77  0.256395
1.78  0.280218
1.79  0.317805
1.8  0.357158
1.81  0.409246
1.82  0.473669
1.83  0.525303
1.84  0.594378
1.85  0.680718
1.86  0.764413
1.87  0.856305
1.88  0.961493
1.89  1.0593
1.9  1.16446
1.91  1.25555
1.92  1.35859
1.93  1.44116
1.94  1.5357
1.95  1.61747
1.96  1.6697
1.97  1.72235
1.98  1.76185
1.99  1.78604
2  4.73027
2.01  1.78541
2.02  1.75721
2.03  1.73521
2.04  1.71003
2.05  1.6402
2.06  1.62162
2.07  1.56568
2.08  1.50792
2.09  1.47317
2.1  1.43173
2.11  1.39664
2.12  1.37833
2.13  1.37123
2.14  1.37096
2.15  1.38385
2.16  1.40798
2.17  1.42294
2.18  1.46231
2.19  1.51239
2.2  1.54467
2.21  1.58688
2.22  1.63301
2.23  1.66311
2.24  1.69127
2.25  1.72325
2.26  1.72237
2.27  1.74472
2.28  1.74601
2.29  1.72541
2.3  1.69925
2.31  1.676
2.32  1.62615
2.33  1.57229
2.34  1.50808
2.35  1.43907
2.36  1.37566
2.37  1.30076
2.38  1.21115
2.39  1.14184
2.4  1.07737
2.41  0.994655
2.42  0.923446
2.43  0.865463
2.44  0.794944
2.45  0.741751
2.46  0.684634
2.47  0.632278
2.48  0.580523
2.49  0.539466
2.5  0.501844
2.51  0.456651
2.52  0.430987
2.53  0.398145
2.54  0.381098
2.55  0.352775
2.56  0.336538
2.57  0.305989
2.58  0.301717
2.59  0.280382
2.6  0.265996
2.61  0.254827
2.62  0.244269
2.63  0.231736
2.64  0.221829
2.65  0.218767
2.66  0.218184
2.67  0.217238
2.68  0.214741
2.69  0.215605
2.7  0.214515
2.71  0.220815
2.72  0.219226
2.73  0.224652
2.74  0.233769
2.75  0.252255
2.76  0.253977
2.77  0.278503
2.78  0.291237
2.79  0.319294
2.8  0.344605
2.81  0.382485
2.82  0.42022
2.83  0.466041
2.84  0.515173
2.85  0.573927
2.86  0.63356
2.87  0.704404
2.88  0.77875
2.89  0.858822
2.9  0.9358
2.91  1.03745
2.92  1.12259
2.93  1.21731
2.94  1.30925
2.95  1.39974
2.96  1.48925
2.97  1.58099
2.98  1.65629
2.99  1.72417
3  1.80759
3.01  3.69684
3.02  1.91837
3.03  1.95248
3.04  1.98059
3.05  1.9944
3.06  1.99625
3.07  1.98603
3.08  1.97021
3.09  1.93842
3.1  1.8994
3.11  1.83228
3.12  1.79029
3.13  1.71303
3.14  1.65597
3.15  1.5796
3.16  1.50538
3.17  1.45283
3.18  1.3753
3.19  1.30252
3.2  1.24036
3.21  1.19518
3.22  1.14085
3.23  1.08894
3.24  1.04834
3.25  1.00333
3.26  0.984015
3.27  0.956703
3.28  0.949186
3.29  0.937562
3.3  0.935049
3.31  0.926686
3.32  0.937972
3.33  0.946047
3.34  0.958341
3.35  0.973364
3.36  0.983807
3.37  0.994888
3.38  1.01024
3.39  1.01714
3.4  1.02846
3.41  1.02718
3.42  1.03116
3.43  1.03397
3.44  1.02778
3.45  1.0179
3.46  1.00532
3.47  0.988566
3.48  0.971292
3.49  0.944218
3.5  0.923448
3.51  0.897126
3.52  0.86111
3.53  0.839333
3.54  0.802018
3.55  0.773482
3.56  0.744445
3.57  0.711233
3.58  0.687556
3.59  0.643079
3.6  0.621443
3.61  0.600758
3.62  0.564275
3.63  0.542994
3.64  0.519481
3.65  0.500055
3.66  0.484388
3.67  0.467735
3.68  0.449036
3.69  0.439202
3.7  0.420136
3.71  0.416977
3.72  0.407282
3.73  0.409497
3.74  0.413435
3.75  0.412096
3.76  0.4193
3.77  0.421004
3.78  0.435375
3.79  0.448556
3.8  0.467525
3.81  0.483893
3.82  0.508422
3.83  0.536389
3.84  0.569421
3.85  0.594979
3.86  0.63306
3.87  0.67238
3.88  0.709102
3.89  0.752055
3.9  0.80507
3.91  0.837225
3.92  0.900245
3.93  0.95049
3.94  0.997748
3.95  1.06136
3.96  1.11414
3.97  1.17768
3.98  1.23673
3.99  1.28613
4  1.33756
4.01  2.77008
4.02  1.45527
4.03  1.49542
4.04  1.55765
4.05  1.58588
4.06  1.63309
4.07  1.66494
4.08  1.69536
4.09  1.71477
4.1  1.72502
4.11  1.73634
4.12  1.74373
4.13  1.73686
4.14  1.73389
4.15  1.72255
4.16  1.70817
4.17  1.68814
4.18  1.65875
4.19  1.63377
4.2  1.59518
4.21  1.54313
4.22  1.50349
4.23  1.45748
4.24  1.41134
4.25  1.35921
4.26  1.30927
4.27  1.25622
4.28  1.20309
4.29  1.15343
4.3  1.10453
4.31  1.06102
4.32  1.01379
4.33  0.971193
4.34  0.932039
4.35  0.894579
4.36  0.860007
4.37  0.83567
4.38  0.806227
4.39  0.783981
4.4  0.758576
4.41  0.747238
4.42  0.731971
4.43  0.721355
4.44  0.717959
4.45  0.712403
4.46  0.711963
4.47  0.705026
4.48  0.714873
4.49  0.710851
4.5  0.714786
4.51  0.726125
4.52  0.72603
4.53  0.730926
4.54  0.739091
4.55  0.739282
4.56  0.741853
4.57  0.749295
4.58  0.752038
4.59  0.747048
4.6  0.749313
4.61  0.742687
4.62  0.744665
4.63  0.734872
4.64  0.732409
4.65  0.724895
4.66  0.71545
4.67  0.71013
4.68  0.698216
4.69  0.692158
4.7  0.685081
4.71  0.67435
4.72  0.680616
4.73  0.667945
4.74  0.676448
4.75  0.664698
4.76  0.664025
4.77  0.659861
4.78  0.664547
4.79  0.669664
4.8  0.672426
4.81  0.682155
4.82  0.696218
4.83  0.709999
4.84  0.728627
4.85  0.746469
4.86  0.768667
4.87  0.789946
4.88  0.81987
4.89  0.847842
4.9  0.875299
4.91  0.89933
4.92  0.925702
4.93  0.955694
4.94  0.984113
4.95  1.0196
4.96  1.04218
4.97  1.07242
4.98  1.10139
4.99  1.13227
5  1.15829
5.01  2.28608
5.02  1.21727
5.03  1.23642
5.04  1.26256
5.05  1.28301
5.06  1.30367
5.07  1.32658
5.08  1.3509
5.09  1.35476
5.1  1.38463
5.11  1.39117
5.12  1.40009
5.13  1.4139
5.14  1.4229
5.15  1.42616
5.16  1.44022
5.17  1.43554
5.18  1.4432
5.19  1.44507
5.2  1.43375
5.21  1.43182
5.22  1.42867
5.23  1.41394
5.24  1.40601
5.25  1.38963
5.26  1.37774
5.27  1.36263
5.28  1.34816
5.29  1.32005
5.3  1.3034
5.31  1.27661
5.32  1.25231
5.33  1.22378
5.34  1.19853
5.35  1.16509
5.36  1.14082
5.37  1.10766
5.38  1.0662
5.39  1.03366
5.4  0.995289
5.41  0.969475
5.42  0.933121
5.43  0.899426
5.44  0.871085
5.45  0.845094
5.46  0.81233
5.47  0.785301
5.48  0.760165
5.49  0.738531
5.5  0.717619
5.51  0.698941
5.52  0.677651
5.53  0.656519
5.54  0.650534
5.55  0.637948
5.56  0.627104
5.57  0.622898
5.58  0.614745
5.59  0.614436
5.6  0.612549
5.61  0.617301
5.62  0.618642
5.63  0.617011
5.64  0.620265
5.65  0.626178
5.66  0.633277
5.67  0.634735
5.68  0.646968
5.69  0.649934
5.7  0.663184
5.71  0.67471
5.72  0.679914
5.73  0.690495
5.74  0.705252
5.75  0.712632
5.76  0.737504
5.77  0.74241
5.78  0.760648
5.79  0.774061
5.8  0.791894
5.81  0.801942
5.82  0.826015
5.83  0.836266
5.84  0.857926
5.85  0.87726
5.86  0.896973
5.87  0.91183
5.88  0.936407
5.89  0.953492
5.9  0.966153
5.91  0.992318
5.92  1.01955
5.93  1.03812
5.94  1.06668
5.95  1.08018
5.96  1.10846
5.97  1.12333
5.98  1.14152
5.99  1.16331
6  1.18572
6.01  2.11188
6.02  1.21744
6.03  1.23261
6.04  1.25356
6.05  1.25561
6.06  1.27044
6.07  1.27608
6.08  1.2809
6.09  1.28616
6.1  1.28475
6.11  1.28599
6.12  1.28781
6.13  1.29206
6.14  1.27636
6.15  1.28284
6.16  1.27455
6.17  1.26958
6.18  1.27179
6.19  1.26367
6.2  1.25745
6.21  1.2532
6.22  1.25121
6.23  1.2387
6.24  1.22902
6.25  1.2232
6.26  1.21197
6.27  1.20237
6.28  1.19168
6.29  1.18037
6.3  1.17454
6.31  1.16866
6.32  1.15923
6.33  1.14781
6.34  1.13719
6.35  1.13591
6.36  1.11779
6.37  1.11062
6.38  1.09535
6.39  1.08032
6.4  1.07342
6.41  1.05386
6.42  1.04755
6.43  1.02623
6.44  1.00927
6.45  1.00089
6.46  0.975497
6.47  0.956442
6.48  0.94723
6.49  0.925483
6.5  0.905974
6.51  0.894111
6.52  0.874852
6.53  0.84988
6.54  0.834686
6.55  0.813055
6.56  0.793566
6.57  0.767964
6.58  0.756475
6.59  0.745542
6.6  0.732394
6.61  0.715189
6.62  0.698533
6.63  0.684952
6.64  0.67139
6.65  0.664098
6.66  0.655515
6.67  0.645749
6.68  0.637999
6.69  0.63454
6.7  0.630197
6.71  0.636568
6.72  0.633609
6.73  0.635618
6.74  0.648668
6.75  0.65474
6.76  0.664255
6.77  0.675666
6.78  0.688043
6.79  0.704821
6.8  0.719634
6.81  0.736136
6.82  0.76074
6.83  0.778292
6.84  0.802517
6.85  0.821062
6.86  0.844309
6.87  0.865078
6.88  0.891316
6.89  0.912134
6.9  0.938235
6.91  0.966315
6.92  0.992297
6.93  1.01408
6.94  1.03713
6.95  1.06405
6.96  1.08577
6.97  1.10922
6.98  1.13351
6.99  1.16015
7  1.18227
7.01  1.97676
7.02  1.21322
7.03  1.23607
7.04  1.25143
7.05  1.26899
7.06  1.27965
7.07  1.28416
7.08  1.2937
7.09  1.30705
7.1  1.30633
7.11  1.31247
7.12  1.32109
7.13  1.31162
7.14  1.31352
7.15  1.30905
7.16  1.30646
7.17  1.29927
7.18  1.29026
7.19  1.28193
7.2  1.26962
7.21  1.26458
7.22  1.25061
7.23  1.23468
7.24  1.21895
7.25  1.21176
7.26  1.18613
7.27  1.17002
7.28  1.16175
7.29  1.1426
7.3  1.13132
7.31  1.11096
7.32  1.08972
7.33  1.07739
7.34  1.06586
7.35  1.0478
7.36  1.03354
7.37  1.01769
7.38  1.00682
7.39  0.993231
7.4  0.984669
7.41  0.968066
7.42  0.95935
7.43  0.951728
7.44  0.942714
7.45  0.939483
7.46  0.928552
7.47  0.92123
7.48  0.915419
7.49  0.904033
7.5  0.898384
7.51  0.885127
7.52  0.88282
7.53  0.874272
7.54  0.870199
7.55  0.861808
7.56  0.853946
7.57  0.85211
7.58  0.844386
7.59  0.838307
7.6  0.829204
7.61  0.822535
7.62  0.818082
7.63  0.808379
7.64  0.805996
7.65  0.795543
7.66  0.786408
7.67  0.781057
7.68  0.773295
7.69  0.767266
7.7  0.763302
7.71  0.751023
7.72  0.748395
7.73  0.750301
7.74  0.750557
7.75  0.745409
7.76  0.745956
7.77  0.746261
7.78  0.74877
7.79  0.753682
7.8  0.753447
7.81  0.762249
7.82  0.774057
7.83  0.778121
7.84  0.793521
7.85  0.80572
7.86  0.81937
7.87  0.832855
7.88  0.848138
7.89  0.867345
7.9  0.885731
7.91  0.895075
7.92  0.918201
7.93  0.937006
7.94  0.953664
7.95  0.97111
7.96  0.996976
7.97  1.01505
7.98  1.03548
7.99  1.06027
8  1.0762
8.01  1.78175
8.02  1.11218
8.03  1.13128
8.04  1.14907
8.05  1.15977
8.06  1.1855
8.07  1.20294
8.08  1.2144
8.09  1.22834
8.1  1.24274
8.11  1.2547
8.12  1.26442
8.13  1.27492
8.14  1.28642
8.15  1.29224
8.16  1.30425
8.17  1.29926
8.18  1.30907
8.19  1.30269
8.2  1.30459
8.21  1.30058
8.22  1.29286
8.23  1.28162
8.24  1.27028
8.25  1.26641
8.26  1.24828
8.27  1.23296
8.28  1.21997
8.29  1.20332
8.3  1.18602
8.31  1.16606
8.32  1.14455
8.33  1.13249
8.34  1.10536
8.35  1.08903
8.36  1.07096
8.37  1.05737
8.38  1.04077
8.39  1.02409
8.4  1.00181
8.41  0.989691
8.42  0.971081
8.43  0.957208
8.44  0.942721
8.45  0.919981
8.46  0.909378
8.47  0.897222
8.48  0.880325
8.49  0.872798
8.5  0.858676
8.51  0.85259
8.52  0.841639
8.53  0.833738
8.54  0.823923
8.55  0.818326
8.56  0.809068
8.57  0.807006
8.58  0.804341
8.59  0.795063
8.6  0.795613
8.61  0.792251
8.62  0.791817
8.63  0.79242
8.64  0.789336
8.65  0.788633
8.66  0.789073
8.67  0.793594
8.68  0.792136
8.69  0.796077
8.7  0.79271
8.71  0.798994
8.72  0.803472
8.73  0.805839
8.74  0.804967
8.75  0.813517
8.76  0.818227
8.77  0.821945
8.78  0.832025
8.79  0.835999
8.8  0.84093
8.81  0.8475
8.82  0.855862
8.83  0.861265
8.84  0.867374
8.85  0.877845
8.86  0.885735
8.87  0.893308
8.88  0.901882
8.89  0.914285
8.9  0.924346
8.91  0.933816
8.92  0.949789
8.93  0.958741
8.94  0.971704
8.95  0.977932
8.96  0.992342
8.97  1.00253
8.98  1.01778
8.99  1.02162
