19.1606   19.0214
0.83164   19.1682
1.70818   18.4972
2.68691   19.1449
3.57179   18.527
4.42115   17.8186
5.38853   18.3839
6.99775   18.5439
8.06458   18.1072
9.02304   18.4915
9.12695   17.3737
11.0334   18.7004
11.9083   17.9607
12.9192   18.5036
14.0096   18.2208
14.9692   18.7387
16.0264   18.3311
17.0685   18.9941
18.0595   18.4644
17.9732   19.6266
0   1
0   1
0.882145   0.339633
1.77269   19.7154
2.93326   0.303354
3.75451   19.6439
4.53266   18.9625
6.03234   19.3107
7.02227   19.8143
8.01176   19.1633
8.91876   19.8002
10.0683   19.202
11.0294   19.8987
12.0161   19.2319
12.9534   19.8632
14.0521   19.4031
14.9776   19.9708
16.006   19.3795
16.8832   0.0305374
18.9939   0.287342
19.9179   19.7761
0   2
0   2
1.02311   1.59751
1.98737   0.938895
3.16849   1.42024
4.16384   0.61497
5.13792   19.9404
6.20467   0.555766
7.1982   1.08566
7.98566   0.369759
8.91972   1.03457
10.0022   0.394554
10.8807   0.98259
11.9786   0.402174
12.9532   0.997321
13.9541   0.510124
14.9778   1.15713
15.941   0.611259
16.9997   1.30868
18.0362   0.812578
18.9129   1.45037
0   3
0   3
1.16078   2.78476
2.06803   2.12344
3.14777   2.5345
4.15658   1.87186
5.06218   1.2193
6.10307   1.68548
7.15071   2.20651
8.08916   1.64995
9.06824   2.28064
9.94484   1.62166
10.9849   2.10083
11.9194   1.58476
12.8806   2.16326
13.8749   1.66355
14.8804   2.34421
15.8212   1.75085
16.8702   2.49511
17.9664   1.96016
18.8982   2.48862
0   4
0   4
1.11845   3.82577
2.12607   3.32879
3.26272   3.72487
4.26336   2.99707
5.20741   2.46043
6.19923   2.81891
7.11059   3.40551
8.0932   2.68103
9.15407   3.35336
10.0886   2.70422
11.0501   3.41298
11.9465   2.80615
12.8717   3.4855
13.8317   2.77346
14.82   3.47802
15.8122   2.99288
16.8904   3.62528
17.8705   3.05441
18.8604   3.68244
0   5
0   5
1.08975   4.94179
2.06625   4.43425
3.02957   4.91932
4.23954   4.1568
5.1951   3.50522
6.23083   4.11168
7.23447   4.64548
8.16982   3.86192
9.17926   4.54551
10.1472   3.96171
11.0218   4.66279
11.9715   4.04148
12.9421   4.593
13.8549   3.90131
14.9387   4.57379
15.9499   4.15835
16.9008   4.65699
17.88   4.20402
18.8674   4.86439
0   6
0   6
1.10189   6.06399
1.9999   5.54174
3.21831   6.00444
4.18111   5.36302
5.17126   4.68395
6.21176   5.15355
7.07352   5.7388
8.20035   5.25969
9.09619   5.95351
10.0468   5.2451
11.155   5.90031
12.0064   5.21531
13.0117   5.72307
14.0077   5.26034
14.9029   5.90922
15.8343   5.4221
16.8265   5.85845
17.782   5.33344
18.9193   5.96428
0   7
0   7
1.14845   7.13271
2.15114   6.63666
3.15459   7.0686
4.08442   6.5159
5.04708   6.02625
6.09141   6.43051
7.10137   6.99797
8.00241   6.37012
9.11668   7.00881
10.1512   6.38404
11.1971   6.97791
12.1752   6.47219
13.0669   6.95565
13.9754   6.38741
15.0102   7.1773
15.9013   6.52803
16.9274   7.01311
17.9115   6.4266
18.7984   7.08201
0   8
0   8
1.13386   8.3549
2.17593   7.71898
3.06394   8.19904
4.05865   7.74775
5.08551   7.11593
6.04318   7.58581
7.07604   8.12187
8.12079   7.45478
9.26072   8.07689
10.1513   7.55092
11.2069   8.26965
12.051   7.63245
13.9364   8.64674
13.9918   7.60742
14.9628   8.36675
15.9527   7.73227
17.0243   8.17214
17.9298   7.64638
18.8666   8.22174
0   9
0   9
1.0823   9.49266
2.16552   8.797
3.09895   9.43084
4.09062   8.88874
5.04965   8.24826
6.1562   8.66011
7.18958   9.19911
8.23733   8.70386
9.13588   9.30203
10.063   8.73722
11.0652   9.31075
12.3065   8.73485
11.9836   9.9058
13.0584   9.4615
15.0087   9.48879
16.0673   8.81643
17.0496   9.51174
17.9169   8.72588
18.8805   9.34907
0   10
0   10
1.13174   10.4925
2.01695   9.98422
3.17738   10.5046
4.26428   10.0659
5.13553   9.42677
6.10097   9.91154
7.19481   10.4794
8.1187   9.93169
9.02675   10.4592
9.96768   9.98343
11.0551   10.4575
11.979   10.9635
12.959   10.5594
14.0509   10.0091
15.0173   10.5152
16.0494   9.99282
17.0221   10.592
17.9979   9.93878
18.8729   10.618
0   11
0   11
1.11579   11.6485
2.04687   11.1183
2.98586   11.567
4.04613   11.1945
5.12623   11.2798
6.23404   10.9931
7.20055   11.6032
8.12831   11.0831
9.16798   11.5783
10.2564   11.1738
11.1358   11.7115
12.0644   12.1553
13.1439   11.6409
14.0018   11.0673
15.0908   11.6543
15.9977   11.0724
16.9626   11.7417
17.9109   11.0901
18.8809   11.8257
0   12
0   12
1.19933   12.8357
2.06045   12.3255
3.08097   12.7549
4.01716   12.223
5.12072   12.5729
6.18355   12.1593
7.17246   12.7571
8.17639   12.178
9.18786   12.6809
10.1772   12.3295
11.0997   12.7996
12.0738   13.3091
12.9898   12.8155
14.1922   12.2258
15.1757   12.7998
16.1175   12.3982
17.0624   13.0574
17.9036   12.3695
18.8563   13.0695
0   13
0   13
1.18611   14.0619
2.0941   13.5427
3.23459   13.9173
4.18896   13.3212
5.35472   13.8523
6.19051   13.2423
7.16852   13.875
8.26236   13.2969
9.11586   14.0055
10.0411   13.4216
11.0852   13.9889
12.0745   14.4431
13.0269   13.867
14.0161   13.3752
15.0839   14.0648
15.9799   13.4558
16.885   14.1121
17.9153   13.7082
18.8194   14.3235
0   14
0   14
1.2274   15.1139
2.1191   14.6172
3.15207   15.0462
4.22826   14.4475
5.16278   14.9706
6.2109   14.4886
7.1985   15.0525
8.07083   14.3552
9.24236   15.1954
10.1921   14.6245
11.1764   15.1297
12.0006   15.7925
13.0609   14.9396
14.0646   14.6215
15.1855   15.2598
16.0033   14.6511
16.9414   15.4828
17.7663   14.847
18.8646   15.4569
0   15
0   15
1.05166   16.2831
2.31768   15.702
3.28732   16.1331
4.188   15.4763
5.20393   16.0257
6.19946   15.5758
7.26858   16.1941
8.25836   15.6596
9.20975   16.2872
10.1697   15.8504
11.1172   16.4651
12.1225   16.9097
13.0636   16.1891
14.0652   15.769
14.9381   16.4129
16.0618   16.1305
16.9337   16.6405
17.8524   16.1438
18.8535   16.671
0   16
0   16
1.07601   17.5186
2.14735   16.8424
3.37995   17.2057
4.35911   16.702
5.29425   17.1388
6.31284   16.7256
6.22573   17.8123
7.21485   17.3806
8.15506   16.8115
10.137   16.9181
10.0258   18.112
10.949   17.5225
13.0536   17.4188
13.961   16.9489
14.9039   17.5796
15.8905   17.1981
16.9471   17.8605
17.9102   17.3572
18.9531   17.8281
0   17
0   17
0.0664499   18.211
2.55448   17.8804


