1.52  1.56488
2.02  1.54824
2.52  1.53706
0  1.69789
1.02  1.60825
0.52  1.69755
3.02  1.52445
3.52  1.52103
1.54  1.56445
2.04  1.548
2.54  1.53686
1.56  1.56392
2.06  1.54766
2.56  1.53668
0.02  1.6979
1.04  1.60674
0.54  1.69756
3.04  1.52409
3.54  1.52102
1.58  1.56346
2.08  1.54741
2.58  1.53646
1.6  1.56304
2.1  1.54713
2.6  1.53624
0.04  1.69792
1.06  1.60525
0.56  1.69755
3.06  1.5238
3.56  1.52102
1.62  1.56261
2.12  1.54686
2.62  1.53603
1.08  1.61113
0.06  1.69793
0.58  1.69754
3.08  1.52352
1.64  1.5621
2.14  1.54665
3.58  1.52101
2.64  1.53581
1.66  1.56149
2.16  1.54643
2.66  1.53559
1.1  1.60822
0.6  1.69753
0.08  1.69793
3.1  1.52329
3.6  1.521
1.68  1.56096
2.18  1.54619
2.68  1.53537
1.7  1.56061
2.2  1.54594
2.7  1.53514
1.12  1.60595
0.62  1.69745
0.1  1.69793
3.12  1.52309
3.62  1.521
1.72  1.56028
2.22  1.54571
2.72  1.53492
1.74  1.55984
2.24  1.54548
2.74  1.53469
1.14  1.60394
0.64  1.6974
0.12  1.69793
3.14  1.52292
3.64  1.52099
1.76  1.55952
2.26  1.54525
2.76  1.53447
1.16  1.60187
0.66  1.69735
0.14  1.69793
3.16  1.52276
3.66  1.52099
1.78  1.55919
2.28  1.54503
2.78  1.53424
1.8  1.5588
2.3  1.54481
2.8  1.53401
1.18  1.60029
0.68  1.69727
0.16  1.69792
3.18  1.52263
3.68  1.52098
1.82  1.55849
2.32  1.5446
2.82  1.53378
1.84  1.55817
1.2  1.59874
2.34  1.54438
0.7  1.69716
2.84  1.53354
0.18  1.69792
3.2  1.52252
3.7  1.52098
1.86  1.55786
2.36  1.54416
2.86  1.53331
1.22  1.5974
0.72  1.69706
0.2  1.69792
1.88  1.55751
2.38  1.54393
3.22  1.52242
2.88  1.53307
3.72  1.52097
1.9  1.55721
2.4  1.54372
2.9  1.53283
1.24  1.59521
0.74  1.69675
0.22  1.69792
3.24  1.52233
3.74  1.52097
1.92  1.55687
2.42  1.54351
2.92  1.53258
1.94  1.55657
2.44  1.54329
1.26  1.59407
2.94  1.53233
0.76  1.6962
0.24  1.69791
3.26  1.52226
3.76  1.52097
1.96  1.55628
2.46  1.54308
2.96  1.53207
1.28  1.59299
0.78  1.69506
1.98  1.55599
0.26  1.69791
2.48  1.54287
3.28  1.52219
3.78  1.52096
2.98  1.53181
1.3  1.59198
0.8  1.69358
0.28  1.69791
3.3  1.52212
3.8  1.52096
1.32  1.59069
0.82  1.69136
0.3  1.6979
3.32  1.52207
3.82  1.52095
1.34  1.58975
0.84  1.689
0.32  1.6979
3.34  1.52202
3.84  1.52095
1.36  1.58884
0.86  1.68652
0.34  1.6979
3.36  1.52197
3.86  1.52095
1.38  1.58797
0.88  1.68403
0.36  1.69789
3.38  1.52193
3.88  1.52094
1.4  1.58712
0.9  1.68142
0.38  1.69789
3.4  1.52189
3.9  1.52094
1.42  1.5863
0.92  1.67903
0.4  1.69788
3.42  1.52185
3.92  1.52093
1.44  1.58551
0.94  1.67649
0.42  1.69788
3.44  1.52181
3.94  1.52093
1.46  1.58474
0.96  1.67403
0.44  1.69787
3.46  1.52178
3.96  1.52093
1.48  1.58399
0.98  1.67157
0.46  1.69786
3.48  1.52175
3.98  1.52092
0.48  1.69785
