4   4.00111
4.0667   4.04614
4.1245   4.1108
4.17551   4.12129
4.00043   3.91292
4.06707   4.09271
4.1758   4.13407
4.00087   3.94853
4.12483   4.13267
4.22115   4.19525
4.06744   4.07159
4.12516   4.1032
4.0013   4.09154
4.17609   4.1534
4.00173   3.86173
4.06781   4.03238
4.26245   4.25437
4.22141   4.19485
4.12548   4.08175
4.17638   4.1399
4.00217   3.94751
4.06819   4.04425
4.12581   4.10773
4.22167   4.17777
4.26269   4.24785
4.0026   4.16117
4.06856   4.03338
4.17667   4.15577
4.12613   4.10469
4.00303   4.02664
4.22194   4.20874
4.06893   4.07985
4.12646   4.10071
4.26293   4.22607
4.0693   4.02987
4.17696   4.1844
4.00346   3.84639
4.2222   4.20304
4.12678   4.12505
4.00389   3.92407
4.26316   4.23793
4.17725   4.12045
4.06967   4.08049
4.00432   4.14736
4.22246   4.16881
4.1271   4.09987
4.07004   4.02418
4.2634   4.21809
4.17754   4.17207
4.00475   4.08076
4.12743   4.09987
4.22272   4.20557
4.07041   4.03859
4.00518   3.86408
4.17782   4.16849
4.12775   4.11586
4.00561   4.07786
4.26364   4.23213
4.07078   4.07771
4.22298   4.21449
4.00604   3.90103
4.12808   4.11819
4.17811   4.16215
4.07115   4.05884
4.26387   4.22954
4.00647   4.05286
4.22324   4.22403
4.07151   4.04048
4.1784   4.14161
4.1284   4.09392
4.07188   4.04947
4.00689   3.96102
4.26411   4.22721
4.12872   4.11599
4.17869   4.14183
4.2235   4.18178
4.00732   3.98911
4.12905   4.12516
4.07225   4.07011
4.00775   3.9674
4.17898   4.15469
4.22376   4.18419
4.26435   4.21713
4.00817   3.98709
4.07262   4.01814
4.12937   4.13623
4.0086   4.01889
4.07298   4.03856
4.17926   4.12864
4.22401   4.20232
4.26458   4.26031
4.12969   4.08154
4.00903   4.02076
4.17955   4.13292
4.07335   4.09758
4.00945   3.96752
4.26482   4.21494
4.13001   4.12351
4.07372   3.98916
4.22427   4.20266
4.00988   4.02917
4.17984   4.13056
4.07408   4.13324
4.22453   4.21104
4.0103   3.91573
4.13033   4.11656
4.18013   4.11877
4.07445   3.96085
4.01072   4.03559
4.26505   4.25923
4.13066   4.10594
4.22479   4.18457
4.18041   4.18144
4.07482   4.13849
4.26529   4.22189
4.01115   4.00445
4.07518   4.13525
4.13098   4.09385
4.01157   4.00564
4.1807   4.1668
4.26553   4.24821
4.22505   4.19043
4.01199   3.96395
4.18099   4.1325
4.07555   4.00784
4.1313   4.14381
4.22531   4.1874
4.18127   4.16968
4.01242   3.99567
4.07591   3.93234
4.22557   4.18801
4.26576   4.24036
4.13162   4.07193
4.01284   3.98698
4.07628   3.92727
4.18156   4.14673
4.01326   3.99062
4.13194   4.14437
4.266   4.23742
4.22583   4.20976
4.07664   4.00934
4.01368   4.01092
4.13226   4.1811
4.18184   4.11924
4.22608   4.21294
4.0141   4.02159
4.26623   4.26171
4.13258   4.14015
4.077   4.0917
4.01452   4.00461
4.18213   4.16766
4.26647   4.23199
4.07737   4.16973
4.1329   4.07118
4.01494   4.0179
4.22634   4.22153
4.18241   4.13776
4.07773   3.96166
4.01536   4.05558
4.13322   4.12782
4.2266   4.18003
4.07809   4.12227
4.2667   4.19684
4.1827   4.17098
4.01578   3.97873
4.13354   4.11982
4.0162   3.99223
4.22686   4.21979
4.18298   4.15735
4.26694   4.26937
4.07846   4.00606
4.13386   4.1138
4.01662   4.00188
4.07882   4.10454
4.18327   4.15399
4.01703   4.01296
4.13418   4.08236
4.07918   4.00804
4.26717   4.21751
4.22712   4.18497
4.07954   4.07721
4.18355   4.16457
4.01745   3.98702
4.1345   4.13872
4.22737   4.21576
4.01787   4.00003
4.0799   4.08835
4.26741   4.23084
4.18384   4.12724
4.13481   4.1209
4.01828   4.0242
4.22763   4.19814
4.08027   4.07031
4.26764   4.24041
4.0187   4.00828
4.13513   4.09311
4.18412   4.16432
4.08063   4.06906
4.22789   4.18673
4.01912   4.01599
4.13545   4.12561
4.26788   4.24801
4.18441   4.18055
4.08099   4.05394
4.22814   4.21348
4.01953   3.99159
4.26811   4.23531
4.13577   4.1072
4.18469   4.15111
4.01995   4.06388
4.08135   4.059
4.26834   4.24496
4.13609   4.12348
4.08171   4.12064
4.18498   4.18462
4.02036   4.02558
4.2284   4.19664
4.1364   4.11017
4.18526   4.14263
4.22866   4.20531
4.02078   4.02265
4.08207   4.05084
4.26858   4.23438
4.18554   4.14258
4.13672   4.10455
4.22891   4.20526
4.02119   4.03984
4.18583   4.14512
4.08243   4.08254
4.26881   4.25423
4.0216   3.99631
4.13704   4.1095
4.22917   4.21493
4.08279   4.03951
4.02202   4.00344
4.18611   4.18353
4.26905   4.21625
4.08314   4.09871
4.13735   4.08494
4.22943   4.21919
4.0835   4.08254
4.02243   4.01018
4.13767   4.1276
4.18639   4.1943
4.26928   4.23926
4.02284   3.97387
4.22968   4.21719
4.08386   4.03855
4.18667   4.18026
4.13799   4.12103
4.02325   4.02392
4.26951   4.255
4.08422   4.05917
4.22994   4.19983
4.1383   4.10969
4.18696   4.10053
4.02366   3.99163
4.08458   4.05269
4.26975   4.23738
4.13862   4.09878
4.23019   4.21777
4.02407   4.00418
4.08493   4.08403
4.18724   4.24801
4.02449   4.03542
4.13893   4.13351
4.26998   4.26264
4.08529   4.06199
4.23045   4.21406
4.0249   4.01453
4.18752   4.1494
4.13925   4.15942
4.02531   4.03568
4.27021   4.23943
4.08565   4.08693
4.2307   4.18167
4.13956   4.1011
4.1878   4.04604
4.086   4.08062
4.02572   3.98276
4.23096   4.20577
4.27045   4.23651
4.13988   4.06571
4.18808   4.04465
4.02612   4.03651
4.08636   4.07348
4.23121   4.20999
4.14019   4.14809
4.08672   4.06922
4.02653   4.02062
4.27068   4.16
4.18837   4.04862
4.02694   4.01584
4.14051   4.15753
4.23147   4.20621
4.08707   4.07094
4.02735   3.98942
4.18865   4.14445
4.08743   4.10441
4.14082   4.1035
4.27091   4.34647
4.23172   4.18883
4.02776   3.97482
4.14114   4.12614
4.18893   4.2588
4.08778   4.06847
4.02816   4.03326
4.27114   4.20599
4.23198   4.2186
4.08814   4.0671
4.14145   4.13547
4.02857   4.00787
4.18921   4.07722
4.08849   4.06103
4.02898   4.04449
4.14176   4.11711
4.27138   4.17923
4.23223   4.21469
4.02938   4.04695
4.08884   4.08542
4.18949   4.20523
4.14208   4.13114
4.0892   4.0809
4.27161   4.23161
4.02979   4.03313
4.23249   4.21028
4.08955   4.01684
4.18977   4.18282
4.03019   3.98639
4.23274   4.1423
4.27184   4.42235
4.14239   4.11279
4.0306   3.98239
4.19005   4.13336
4.08991   4.07341
4.1427   4.0812
4.09026   4.08814
4.031   4.03501
4.233   4.15027
4.27207   4.27219
4.03141   4.06808
4.19033   4.17568
4.14301   4.14965
4.09061   4.06371
4.03181   3.98487
4.27231   4.24452
4.23325   4.18884
4.19061   4.14629
4.09096   4.07576
4.03222   4.03799
4.14333   4.0756
4.09132   4.04083
4.19089   4.16022
4.2335   4.23001
4.27254   4.25472
4.03262   4.03081
4.14364   4.11944
4.03302   3.98819
4.19117   4.17316
4.09167   4.05776
4.27277   4.2726
4.23376   4.16892
4.14395   4.13095
4.03342   4.01855
4.09202   4.10087
4.14426   4.09978
4.19145   4.14032
4.273   4.43441
4.03383   4.00166
4.23401   4.21838
4.09237   4.05848
4.14457   4.12488
4.19173   4.19806
4.03423   4.03887
4.23426   4.18444
4.03463   4.02367
4.09272   4.07612
4.27323   4.20952
4.14489   4.13474
4.19201   4.17212
4.03503   4.05491
4.09307   4.04848
4.23452   4.21769
4.1452   4.10959
4.27346   4.18178
4.19229   4.1839
4.09342   4.11783
4.03543   3.97184
4.14551   4.13254
4.09377   4.07228
4.23477   4.21611
4.03583   4.03143
4.2737   4.1901
4.19257   4.16349
4.03623   4.06232
4.14582   4.13436
4.09412   4.07802
4.23502   4.20823
4.19285   4.19121
4.03663   4.04298
4.09447   4.06922
4.14613   4.09567
4.27393   4.34431
4.03703   3.86075
4.19312   4.12708
4.23528   4.18081
4.14644   4.14011
4.09482   4.06791
4.03743   4.11579
4.27416   4.19125
4.1934   4.15959
4.23553   4.22567
4.09517   4.075
4.14675   4.16509
4.03782   4.11423
4.23578   4.20528
4.09552   4.07949
4.19368   4.17918
4.14706   4.13122
4.27439   4.23487
4.03822   4.02024
4.03862   4.11474
4.09587   4.08374
4.14737   4.07331
4.19396   4.19174
4.27462   4.25926
4.03902   4.10157
4.09621   4.0625
4.23603   4.21015
4.14768   4.09873
4.19424   4.1841
4.09656   4.08708
4.03941   4.04733
4.23629   4.2371
4.14799   4.14402
4.27485   4.26742
4.03981   3.90801
4.09691   4.10729
4.19451   4.19388
4.14829   4.11795
4.23654   4.18716
4.04021   4.08672
4.09726   4.06491
4.19479   4.18716
4.27508   4.20886
4.1486   4.14841
4.0406   3.97607
4.23679   4.19015
4.0976   4.1121
4.041   4.09882
4.19507   4.16691
4.09795   4.06673
4.27531   4.23789
4.14891   4.12949
4.04139   3.96766
4.27554   4.27816
4.0983   4.09134
4.14922   4.12295
4.23704   4.19441
4.04179   4.03479
4.19535   4.17217
4.14953   4.10174
4.04218   4.00288
4.23729   4.19467
4.27577   4.19038
4.09864   4.09287
4.04258   4.04454
4.14983   4.14237
4.19562   4.17295
4.23754   4.20479
4.276   4.26404
4.04297   4.00406
4.09899   4.08366
4.15014   4.11785
4.1959   4.1551
4.04336   4.04311
4.23779   4.23504
4.09934   4.09523
4.27623   4.25917
4.19618   4.18286
4.15045   4.1269
4.04376   4.03945
4.09968   4.06248
4.23805   4.21177
4.27646   4.24553
4.04415   3.98055
4.15076   4.11247
4.10003   4.11326
4.19645   4.22853
4.2383   4.2226
4.04454   4.04154
4.15106   4.14809
4.27669   4.23379
4.10037   4.06128
4.19673   4.2257
4.04493   4.00633
4.15137   4.1637
4.23855   4.19438
4.04532   4.0465
4.27692   4.26027
4.10072   4.06905
4.197   4.22814
4.15168   4.13936
4.04571   3.9651
4.10106   4.07501
4.2388   4.19417
4.19728   4.17418
4.27715   4.24292
4.0461   4.04674
4.15198   4.12352
4.1014   4.09304
4.23905   4.24845
4.0465   4.03917
4.19756   4.16368
4.10175   4.09947
4.27738   4.22659
4.15229   4.15203
4.04689   4.04913
4.2393   4.20559
4.10209   4.08284
4.19783   4.15469
4.04727   4.04646
4.15259   4.13173
4.27761   4.26303
4.10243   4.05832
4.1529   4.13521
4.04766   4.06954
4.19811   4.16261
4.23955   4.19812
4.04805   4.01569
4.10278   4.11191
4.19838   4.1847
4.27784   4.2665
4.04844   4.04437
4.1532   4.14655
4.19866   4.18015
4.10312   4.12126
4.2398   4.22388
4.04883   4.00001
4.27807   4.22577
4.15351   4.16608
4.10346   4.09695
4.04922   4.06094
4.24005   4.21911
4.19893   4.15602
4.04961   4.01149
4.1038   4.10526
4.2783   4.23131
4.15381   4.1408
4.19921   4.14252
4.2403   4.19825
4.10415   4.06862
4.04999   4.03247
4.15412   4.13807
4.19948   4.1942
4.05038   4.04466
4.27852   4.26534
4.24055   4.20576
4.10449   4.07221
4.15442   4.12418
4.10483   4.1071
4.19976   4.14622
4.05077   4.04061
4.2408   4.19829
4.05115   4.03237
4.15473   4.13412
4.27875   4.23526
4.10517   4.09792
4.20003   4.18808
4.05154   4.04991
4.24105   4.20619
4.15503   4.13728
4.27898   4.28355
4.05192   4.03936
4.2003   4.18864
4.10551   4.07906
4.15534   4.11668
4.27921   4.2206
4.2413   4.24442
4.10585   4.08667
4.15564   4.12106
4.05231   4.02815
4.20058   4.16018
4.05269   4.05735
4.10619   4.06891
4.15594   4.13564
4.24155   4.1789
4.27944   4.2644
4.10653   4.12372
4.05308   4.02498
4.20085   4.18628
4.2418   4.21567
4.15625   4.16794
4.05346   4.05675
4.10687   4.12586
4.27967   4.25819
4.05385   4.04779
4.15655   4.11741
4.20112   4.19237
4.05423   4.03557
4.24204   4.27499
4.10721   4.08508
4.15685   4.15846
4.2014   4.17163
4.24229   4.24144
4.10755   4.08566
4.05461   4.0265
4.27989   4.22725
4.24254   4.27747
4.055   4.05869
4.20167   4.18518
4.10789   4.09866
4.15715   4.11272
4.28012   4.27664
4.20194   4.15908
4.24279   4.255
4.15746   4.1293
4.10823   4.08281
4.05538   4.03282
4.15776   4.15235
4.28035   4.2662
4.10857   4.10806
4.20222   4.16627
4.05576   4.05942
4.24304   4.23437
4.05614   3.98736
4.15806   4.15125
4.20249   4.17784
4.28058   4.25228
4.1089   4.0798
4.15836   4.12399
4.05652   4.10341
4.10924   4.11018
4.0569   4.08335
4.24329   4.15395
4.20276   4.16808
4.28081   4.22588
4.15866   4.1311
4.24353   4.25764
4.05729   4.01924
4.20303   4.21072
4.10958   4.08952
4.15897   4.13415
4.24378   4.17478
4.28103   4.26922
4.10992   4.0871
4.05767   4.03693
4.2033   4.17515
4.28126   4.2622
4.11025   4.10536
4.15927   4.14234
4.24403   4.23274
4.05805   4.05232
4.15957   4.1661
4.11059   4.05911
4.20358   4.12438
4.05843   4.03207
4.28149   4.25498
4.24428   4.22088
4.11093   4.09954
4.15987   4.09567
4.05881   4.04871
4.20385   4.09827
4.11126   4.07075
4.05918   4.06417
4.24452   4.21966
4.1116   4.10842
4.28171   4.24056
4.05956   4.03933
4.16017   4.1204
4.20412   4.20211
4.11193   4.10741
4.24477   4.21425
4.05994   4.03974
4.28194   4.24864
4.16047   4.20169
4.20439   4.18874
4.11227   4.10538
4.24502   4.20509
4.06032   4.0468
4.16077   4.09952
4.28217   4.25782
4.11261   4.07125
4.0607   4.05111
4.20466   4.15192
4.16107   4.14536
4.24527   4.22213
4.06108   4.03913
4.11294   4.10226
4.2824   4.23716
4.20493   4.18028
4.16137   4.12396
4.24551   4.2127
4.06145   4.01664
4.11327   4.06663
4.16167   4.22712
4.2052   4.18513
4.28262   4.25908
4.06183   4.05269
4.11361   4.09518
4.24576   4.19194
4.06221   4.066
4.16197   3.9687
4.20548   4.17945
4.11394   4.11788
4.06258   4.03119
4.28285   4.20633
4.24601   4.2283
4.16227   4.15632
4.20575   4.18122
4.11428   4.08502
4.06296   3.97751
4.28307   4.21681
4.16256   4.19307
4.06333   3.9912
4.20602   4.17963
4.11461   4.09912
4.24625   4.22019
4.06371   4.03726
4.16286   4.15006
4.2833   4.28042
4.2465   4.23356
4.11494   4.10955
4.20629   4.17604
4.06408   4.06195
4.16316   4.26608
4.24674   4.24421
4.11528   4.10985
4.06446   4.06663
4.16346   4.24378
4.28353   4.27236
4.06483   4.03543
4.20656   4.18548
4.16376   4.11445
4.11561   4.09012
4.24699   4.21757
4.28375   4.22618
4.16406   4.20116
4.06521   4.04784
4.11594   4.08057
4.20683   4.17453
4.11628   4.17934
4.28398   4.25374
4.16435   4.08805
4.06558   4.0382
4.11661   4.00714
4.24724   4.21635
4.2071   4.16777
4.16465   4.05384
4.11694   4.09301
4.06595   4.01856
4.20737   4.17844
4.16495   4.20999
4.28421   4.26973
4.11727   4.13118
4.24748   4.22391
4.06633   4.0171
4.20763   4.16598
4.16524   4.0801
4.1176   4.10838
4.24773   4.21172
4.28443   4.22961
4.2079   4.16007
4.11793   4.14017
4.16554   4.20478
4.24797   4.23257
4.28466   4.26184
4.11826   4.02641
4.16584   4.0762
4.24822   4.25604
4.20817   4.19955
4.16613   4.18158
4.28488   4.27575
4.1186   4.11638
4.20844   4.19269
4.24846   4.25828
4.20871   4.18109
4.11893   4.12426
4.16643   4.11904
4.24871   4.19018
4.28511   4.27056
4.11926   4.0657
4.16673   4.14731
4.20898   4.18451
4.11959   4.1326
4.24895   4.22446
4.28533   4.24294
4.16702   4.13061
4.20925   4.18978
4.11992   4.05845
4.28556   4.27599
4.2492   4.2092
4.16732   4.10905
4.12024   4.12586
4.20952   4.16544
4.24944   4.20665
4.28578   4.26227
4.16761   4.12584
4.12057   4.09115
4.24969   4.20956
4.28601   4.24505
4.20978   4.20656
4.16791   4.16215
4.1209   4.0999
4.21005   4.17789
4.1682   4.17842
4.28623   4.26065
4.12123   4.10387
4.24993   4.21273
4.1685   4.14454
4.21032   4.17616
4.12156   4.13018
4.25018   4.22806
4.28646   4.26127
4.12189   4.09916
4.16879   4.12073
4.21059   4.20773
4.12222   4.10341
4.25042   4.20568
4.28668   4.26361
4.16909   4.13458
4.21085   4.1889
4.12254   4.11097
4.16938   4.18105
4.12287   4.13419
4.21112   4.18434
4.25066   4.23764
4.1232   4.10083
4.16967   4.0845
4.28691   4.24772
4.21139   4.18886
4.16997   4.16758
4.12352   4.10002
4.25091   4.22587
4.28713   4.24872
4.17026   4.13095
4.12385   4.11972
4.21165   4.1889
4.25115   4.22217
4.17056   4.13581
4.28735   4.27014
4.21192   4.16528
4.25139   4.22838
4.17085   4.17979
4.28758   4.24378
4.21219   4.19374
4.17114   4.12767
4.25164   4.20216
4.21245   4.19744
4.2878   4.27699
4.17143   4.12935
4.25188   4.22303
4.21272   4.21297
4.17173   4.12443
4.28803   4.27107
4.25212   4.24296
4.21299   4.17209
4.17202   4.17606
4.28825   4.24055
4.25237   4.21597
4.17231   4.15619
4.21325   4.19403
4.28847   4.29771
4.25261   4.21373
4.1726   4.14235
4.21352   4.0943
4.17289   4.11469
4.25285   4.23033
4.2887   4.27367
4.21378   4.30515
4.17319   4.15028
4.2531   4.19573
4.28892   4.25881
4.21405   4.27584
4.17348   4.15296
4.25334   4.26213
4.21431   4.26027
4.28914   4.26792
4.17377   4.13769
4.21458   4.25784
4.25358   4.22611
4.17406   4.14455
4.28937   4.27682
4.21484   4.30157
4.25382   4.21058
4.17435   4.13199
4.28959   4.23837
4.21511   4.26478
4.17464   4.15613
4.25406   4.2334
4.28981   4.25268
4.17493   4.1627
4.21537   4.0701
4.25431   4.23426
4.21564   4.23803
4.29003   4.26085
4.25455   4.21935
4.2159   4.15893
4.25479   4.2093
4.29026   4.27991
4.25503   4.22499
4.21617   4.18231
4.29048   4.26999
4.21643   4.18573
4.25527   4.23742
4.2907   4.27527
4.21669   4.20425
4.25551   4.18902
4.21696   4.18873
4.29092   4.26045
4.25575   4.24095
4.21722   4.22289
4.29115   4.23953
4.29137   4.285
4.256   4.22255
4.21748   4.17979
4.29159   4.24225
4.21775   4.19308
4.25624   4.24095
4.29181   4.28176
4.25648   4.18463
4.21801   4.17105
4.29203   4.26346
4.25672   4.27051
4.21827   4.16605
4.29226   4.23685
4.21854   4.19877
4.25696   4.23814
4.29248   4.25837
4.2927   4.27788
4.2188   4.19112
4.2572   4.23827
4.29292   4.26145
4.21906   4.18988
4.25744   4.21717
4.29314   4.29699
4.21932   4.20829
4.25768   4.26761
4.29336   4.25257
4.25792   4.2165
4.21958   4.19602
4.21985   4.16155
4.29358   4.22794
4.25816   4.20579
4.22011   4.20047
4.22037   4.2195
4.2938   4.24969
4.2584   4.25291
4.29403   4.29562
4.22063   4.18357
4.25864   4.23643
4.29425   4.26784
4.25888   4.24997
4.29447   4.26524
4.25912   4.21
4.29469   4.24947
4.25935   4.24214
4.29491   4.2683
4.25959   4.24805
4.25983   4.22537
4.29513   4.25634
4.26007   4.23331
4.29535   4.27169
4.26031   4.23035
4.29557   4.28463
4.26055   4.23135
4.29579   4.2513
4.26079   4.22135
4.29601   4.28795
4.26102   4.24145
4.29623   4.27229
4.26126   4.23949
4.29645   4.28542
4.2615   4.23388
4.29667   4.25288
4.26174   4.21583
4.29688   4.24999
4.26198   4.26587
4.2971   4.28034
4.29732   4.25461
4.29754   4.28365
4.29776   4.2434
4.29798   4.25152
4.2982   4.23562
4.29842   4.29329
4.29863   4.27365
4.29885   4.22934
4.29907   4.30607
4.29929   4.26306
4.29951   4.27671
4.29973   4.26261
