0  1.69793
0.01  1.69794
0.02  1.69793
0.03  1.69791
0.04  1.69795
0.05  1.69797
0.06  1.69794
0.07  1.69794
0.08  1.69794
0.09  1.69797
0.1  1.69788
0.11  1.69793
0.12  1.69795
0.13  1.69791
0.14  1.69787
0.15  1.69792
0.16  1.69795
0.17  1.69797
0.18  1.69791
0.19  1.69789
0.2  1.69791
0.21  1.69789
0.22  1.69791
0.23  1.69786
0.24  1.69788
0.25  1.69785
0.26  1.69787
0.27  1.6979
0.28  1.69784
0.29  1.69791
0.3  1.69783
0.31  1.69784
0.32  1.69784
0.33  1.69781
0.34  1.69784
0.35  1.69786
0.36  1.69784
0.37  1.69787
0.38  1.69782
0.39  1.69782
0.4  1.69786
0.41  1.69776
0.42  1.69782
0.43  1.69772
0.44  1.69772
0.45  1.69775
0.46  1.69771
0.47  1.69777
0.48  1.69768
0.49  1.69769
0.5  1.69767
0.51  1.69764
0.52  1.69764
0.53  1.69768
0.54  1.69757
0.55  1.69764
0.56  1.69741
0.57  1.69744
0.58  1.69747
0.59  1.69755
0.6  1.69743
0.61  1.69726
0.62  1.69743
0.63  1.69698
0.64  1.69733
0.65  1.69738
0.66  1.69713
0.67  1.69737
0.68  1.69693
0.69  1.69674
0.7  1.697
0.71  1.69444
0.72  1.69657
0.73  1.69486
0.74  1.69351
0.75  1.68616
0.76  1.68765
0.77  1.68257
0.78  1.67924
0.79  1.67436
0.8  1.66751
0.81  1.66386
0.82  1.66186
0.83  1.65544
0.84  1.65303
0.85  1.64852
0.86  1.64391
0.87  1.64123
0.88  1.61861
0.89  1.62543
0.9  1.63464
0.91  1.6309
0.92  1.62775
0.93  1.61724
0.94  1.62424
0.95  1.61876
0.96  1.61971
0.97  1.61705
0.98  1.61534
0.99  1.60924
1  1.61164
1.01  1.6095
1.02  1.60266
1.03  1.60462
1.04  1.60501
1.05  1.60356
1.06  1.60165
1.07  1.59503
1.08  1.59881
1.09  1.59623
1.1  1.59665
1.11  1.59523
1.12  1.594
1.13  1.59215
1.14  1.5918
1.15  1.59038
1.16  1.57413
1.17  1.58866
1.18  1.58766
1.19  1.58659
1.2  1.58592
1.21  1.57939
1.22  1.58364
1.23  1.57582
1.24  1.57111
1.25  1.58121
1.26  1.58054
1.27  1.57927
1.28  1.57652
1.29  1.57831
1.3  1.57741
1.31  1.57331
1.32  1.5762
1.33  1.5679
1.34  1.5749
1.35  1.59928
1.36  1.5734
1.37  1.5729
1.38  1.57219
1.39  1.57132
1.4  1.57099
1.41  1.57044
1.42  1.56987
1.43  1.56441
1.44  1.56866
1.45  1.56829
1.46  1.56758
1.47  1.56738
1.48  1.56676
1.49  1.56622
1.5  1.56584
1.51  1.56177
1.52  1.56481
1.53  1.56119
1.54  1.56386
1.55  1.56365
1.56  1.56309
1.57  1.56267
1.58  1.56223
1.59  1.5615
1.6  1.56139
1.61  1.55873
1.62  1.56062
1.63  1.56006
1.64  1.55979
1.65  1.55944
1.66  1.55724
1.67  1.55859
1.68  1.55788
1.69  1.55802
1.7  1.55743
1.71  1.55582
1.72  1.55613
1.73  1.55655
1.74  1.55495
1.75  1.55468
1.76  1.55535
1.77  1.55413
1.78  1.55358
1.79  1.55462
1.8  1.55339
1.81  1.55319
1.82  1.55361
1.83  1.5531
1.84  1.55317
1.85  1.55291
1.86  1.55181
1.87  1.55151
1.88  1.55194
1.89  1.55106
1.9  1.5507
1.91  1.55107
1.92  1.55029
1.93  1.55016
1.94  1.54938
1.95  1.5496
1.96  1.54975
1.97  1.54898
1.98  1.5476
1.99  1.54887
2  1.54828
2.01  1.54843
2.02  1.54723
2.03  1.54762
2.04  1.5477
2.05  1.54715
2.06  1.54652
2.07  1.54697
2.08  1.54617
2.09  1.54654
2.1  1.54623
2.11  1.5461
2.12  1.54499
2.13  1.54423
2.14  1.54509
2.15  1.54509
2.16  1.54479
2.17  1.54452
2.18  1.54411
2.19  1.54358
2.2  1.5437
2.21  1.5433
2.22  1.54303
2.23  1.54233
2.24  1.54278
2.25  1.54274
2.26  1.54264
2.27  1.54209
2.28  1.54166
2.29  1.54163
2.3  1.54094
2.31  1.54121
2.32  1.54106
2.33  1.54112
2.34  1.54032
2.35  1.54063
2.36  1.54051
2.37  1.53982
2.38  1.53966
2.39  1.5396
2.4  1.53959
2.41  1.53914
2.42  1.53916
2.43  1.53897
2.44  1.53878
2.45  1.5378
2.46  1.53834
2.47  1.53788
2.48  1.53789
2.49  1.5377
2.5  1.53754
2.51  1.53732
2.52  1.53704
2.53  1.5369
2.54  1.53672
2.55  1.53646
2.56  1.53631
2.57  1.53602
2.58  1.53583
2.59  1.53563
2.6  1.53516
2.61  1.53521
2.62  1.53493
2.63  1.53477
2.64  1.53448
2.65  1.53427
2.66  1.53404
2.67  1.53389
2.68  1.53361
2.69  1.53335
2.7  1.53318
2.71  1.53293
2.72  1.53278
2.73  1.53249
2.74  1.53223
2.75  1.53198
2.76  1.53178
2.77  1.53158
2.78  1.53128
2.79  1.53099
2.8  1.53082
2.81  1.53057
2.82  1.53031
2.83  1.53005
2.84  1.52976
2.85  1.52952
2.86  1.52925
2.87  1.529
2.88  1.52873
2.89  1.52848
2.9  1.52825
2.91  1.52794
2.92  1.52762
2.93  1.52741
2.94  1.52701
2.95  1.52673
2.96  1.52646
2.97  1.52604
2.98  1.52575
2.99  1.52557
3  1.52516
3.01  1.52472
3.02  1.52438
3.03  1.52406
3.04  1.52368
3.05  1.52338
3.06  1.52306
3.07  1.52282
3.08  1.5226
3.09  1.52246
3.1  1.52225
3.11  1.52219
3.12  1.52198
3.13  1.52193
3.14  1.52181
3.15  1.52177
3.16  1.52166
3.17  1.52166
3.18  1.52159
3.19  1.52156
3.2  1.52148
3.21  1.52146
3.22  1.52141
3.23  1.52139
3.24  1.52136
3.25  1.52135
3.26  1.52133
3.27  1.52132
3.28  1.52129
3.29  1.52127
3.3  1.52126
3.31  1.52124
3.32  1.52122
3.33  1.5212
3.34  1.52119
3.35  1.52118
3.36  1.52116
3.37  1.52116
3.38  1.52115
3.39  1.52113
3.4  1.52112
3.41  1.52111
3.42  1.52111
3.43  1.5211
3.44  1.52109
3.45  1.52107
3.46  1.52107
3.47  1.52106
3.48  1.52106
3.49  1.52105
3.5  1.52104
3.51  1.52104
3.52  1.52103
3.53  1.52102
3.54  1.52102
3.55  1.52101
3.56  1.521
3.57  1.521
3.58  1.52099
3.59  1.52099
3.6  1.52098
3.61  1.52098
3.62  1.52097
3.63  1.52097
3.64  1.52096
3.65  1.52096
3.66  1.52096
3.67  1.52095
3.68  1.52094
3.69  1.52094
3.7  1.52094
3.71  1.52093
3.72  1.52093
3.73  1.52092
3.74  1.52092
3.75  1.52092
3.76  1.52091
3.77  1.52091
3.78  1.52091
3.79  1.5209
3.8  1.5209
3.81  1.52089
3.82  1.52089
3.83  1.52089
3.84  1.52089
3.85  1.52088
3.86  1.52088
3.87  1.52088
3.88  1.52087
3.89  1.52087
3.9  1.52087
3.91  1.52086
3.92  1.52086
3.93  1.52086
3.94  1.52085
3.95  1.52085
3.96  1.52085
3.97  1.52084
3.98  1.52084
3.99  1.52084
4  1.52084
