2    0.0700089
3    0.081003
4    0.0828597
5    0.0826424
6    0.0823106
7    0.0800757
8    0.0795106
9    0.0779158
10    0.0772023
11    0.0762383
12    0.0753717
13    0.0748899
14    0.0739011
15    0.0729433
16    0.0730025
17    0.0722066
18    0.0715619
19    0.0708659
20    0.0707872
21    0.0704609
22    0.0702143
23    0.0693219
24    0.0689439
25    0.0690601
26    0.0686238
27    0.0682076
28    0.0681734
29    0.0677588
30    0.0675767
31    0.0671851
32    0.0667021
33    0.0666529
34    0.0665143
35    0.0664497
36    0.0661766
37    0.0660916
38    0.0660461
39    0.0656822
40    0.0653349
41    0.0654934
42    0.0649519
43    0.0648353
44    0.0652188
45    0.0646368
46    0.0646263
47    0.0645635
48    0.0644043
49    0.0642611
50    0.0640083
51    0.0638595
52    0.0641418
53    0.0637267
54    0.0634111
55    0.0634344
56    0.0635079
57    0.06334
58    0.0633795
59    0.0631691
60    0.0632366
61    0.0628798
62    0.0628684
63    0.0627321
64    0.0627356
65    0.0624203
66    0.0626213
67    0.0627932
68    0.0623484
69    0.0624421
70    0.062521
71    0.0624153
72    0.0624241
73    0.0622057
74    0.0622104
75    0.0622144
76    0.0618008
77    0.0622495
78    0.0622389
79    0.0619457
80    0.0617208
81    0.061436
82    0.0617063
83    0.06172
84    0.0617275
85    0.0614964
86    0.0617498
87    0.0615594
88    0.0616715
89    0.0615837
90    0.061425
91    0.0612574
92    0.0614286
93    0.061038
94    0.0610985
95    0.0613518
96    0.061305
97    0.0606968
98    0.0610427
99    0.0608445
100    0.0610222
101    0.0606922
102    0.0604372
103    0.0609706
104    0.0609746
105    0.0608592
106    0.0606818
107    0.0608875
108    0.0611374
109    0.0605568
110    0.0609031
111    0.0606073
112    0.0603464
113    0.0606068
114    0.0603364
115    0.0604586
116    0.0603244
117    0.0601434
118    0.0600916
119    0.060378
120    0.0604685
121    0.0604822
122    0.0603582
123    0.060044
124    0.0605007
125    0.0602677
126    0.0598232
127    0.0602772
128    0.0600666
129    0.06004
130    0.0600492
131    0.0600479
132    0.0600643
133    0.0600702
134    0.0598939
135    0.0599922
136    0.0599246
137    0.0599185
138    0.0598452
139    0.0600746
140    0.0597314
141    0.0596183
142    0.0601455
143    0.0598217
144    0.059883
145    0.0596311
146    0.0597333
147    0.0597734
148    0.0596994
149    0.0598517
150    0.0598099
151    0.0596003
152    0.0597548
153    0.0594667
154    0.0597964
155    0.0597898
156    0.0596008
157    0.0596592
158    0.0594389
159    0.0595709
160    0.0594179
161    0.0592534
162    0.0596035
163    0.059462
164    0.0591358
165    0.0593091
166    0.059411
167    0.0596606
168    0.0597031
169    0.0593157
170    0.059391
171    0.0590783
172    0.0593902
173    0.0592634
174    0.0593388
175    0.0590794
176    0.0591229
177    0.0595937
178    0.0593207
179    0.0590378
180    0.0593788
181    0.0594148
182    0.0591375
183    0.0591793
184    0.0589948
185    0.0591278
186    0.0590066
187    0.0594708
188    0.0592349
189    0.0592856
190    0.0588905
191    0.0591904
192    0.0588841
193    0.0590987
194    0.0593717
195    0.0591358
196    0.0588836
197    0.0589009
198    0.058975
199    0.059187
200    0.0589973
201    0.0588948
202    0.0588358
203    0.0590051
204    0.0590772
205    0.0591217
206    0.0593483
207    0.0589644
208    0.0588983
209    0.0589707
210    0.0587237
211    0.0586881
212    0.0590144
213    0.0586025
214    0.0587672
215    0.0585584
216    0.0587896
217    0.0591011
218    0.0586
219    0.0587345
220    0.0587616
221    0.0588236
222    0.0587509
223    0.0586296
224    0.0586258
225    0.0585758
226    0.0587487
227    0.0587183
228    0.0587056
229    0.0585645
230    0.0588341
231    0.0583893
232    0.0586968
233    0.0587932
234    0.058311
235    0.0589606
236    0.0586208
237    0.0587034
238    0.0589245
239    0.058513
240    0.0582983
241    0.0584706
242    0.0586013
243    0.0583455
244    0.0585197
245    0.0584338
246    0.0584401
247    0.058664
248    0.0585705
249    0.0585473
250    0.0585851
251    0.0587024
252    0.0587863
253    0.058763
254    0.0583189
255    0.0584525
256    0.0584185
257    0.0584821
258    0.0584418
259    0.0585222
260    0.0585254
261    0.0584977
262    0.0583171
263    0.0583305
264    0.0585864
265    0.0582752
266    0.0585013
267    0.0585345
268    0.0581545
269    0.0583169
270    0.058463
271    0.0581646
272    0.0581508
273    0.0583115
274    0.0583614
275    0.058584
276    0.058419
277    0.0584723
278    0.0585279
279    0.0583033
280    0.0583043
281    0.058454
282    0.0584273
283    0.0584356
284    0.057948
285    0.0584655
286    0.0582528
287    0.0582342
288    0.0583767
289    0.0582345
290    0.0585415
291    0.0580381
292    0.0583633
293    0.0580746
294    0.0584816
295    0.0581706
296    0.058081
297    0.0581122
298    0.0581438
299    0.058209
