0  0
0.01  2320.13
0.02  0
0.03  0
0.04  0
0.05  0
0.06  0
0.07  0
0.08  0
0.09  0
0.1  0
0.11  0
0.12  0
0.13  0
0.14  0
0.15  0
0.16  0
0.17  0
0.18  0
0.19  0
0.2  0
0.21  0
0.22  0
0.23  0
0.24  0
0.25  0
0.26  0
0.27  0
0.28  0
0.29  0
0.3  0
0.31  0
0.32  0
0.33  0
0.34  0
0.35  0
0.36  0
0.37  0
0.38  0
0.39  0
0.4  0
0.41  0
0.42  0
0.43  0
0.44  0
0.45  0
0.46  0
0.47  0
0.48  0
0.49  0
0.5  0
0.51  0
0.52  0
0.53  0
0.54  0
0.55  0
0.56  0
0.57  0
0.58  0
0.59  0
0.6  0
0.61  0
0.62  0
0.63  0
0.64  0
0.65  0
0.66  0
0.67  0
0.68  0
0.69  0
0.7  0
0.71  0
0.72  0
0.73  0
0.74  0
0.75  0
0.76  0
0.77  0
0.78  0
0.79  0
0.8  0
0.81  0
0.82  0
0.83  0
0.84  0
0.85  0
0.86  0
0.87  0
0.88  0
0.89  0
0.9  0
0.91  0
0.92  0
0.93  0
0.94  0
0.95  0
0.96  0
0.97  0
0.98  0
0.99  0
1  7.3565
1.01  0.187368
1.02  0.301817
1.03  0.452247
1.04  0.660347
1.05  0.906407
1.06  1.17827
1.07  1.44525
1.08  1.71344
1.09  2.01807
1.1  2.30533
1.11  2.54654
1.12  2.77744
1.13  2.93768
1.14  3.06966
1.15  3.17251
1.16  3.22874
1.17  3.22667
1.18  3.20886
1.19  3.15888
1.2  3.06485
1.21  3.01361
1.22  2.89122
1.23  2.78958
1.24  2.70002
1.25  2.54724
1.26  2.39498
1.27  2.29866
1.28  2.16504
1.29  2.04232
1.3  1.94391
1.31  1.83064
1.32  1.6999
1.33  1.61086
1.34  1.54017
1.35  1.43712
1.36  1.35089
1.37  1.27398
1.38  1.20213
1.39  1.1248
1.4  1.06379
1.41  0.988886
1.42  0.936768
1.43  0.888348
1.44  0.825759
1.45  0.794147
1.46  0.751868
1.47  0.709731
1.48  0.676723
1.49  0.650475
1.5  0.624766
1.51  0.596304
1.52  0.567378
1.53  0.556824
1.54  0.534734
1.55  0.507405
1.56  0.488455
1.57  0.46533
1.58  0.459384
1.59  0.447548
1.6  0.441611
1.61  0.423439
1.62  0.406933
1.63  0.397706
1.64  0.396101
1.65  0.390141
1.66  0.382973
1.67  0.376696
1.68  0.377487
1.69  0.372992
1.7  0.371714
1.71  0.356834
1.72  0.36735
1.73  0.359009
1.74  0.368049
1.75  0.364895
1.76  0.375408
1.77  0.383562
1.78  0.386338
1.79  0.396119
1.8  0.402569
1.81  0.407382
1.82  0.425092
1.83  0.438393
1.84  0.454472
1.85  0.478029
1.86  0.493989
1.87  0.518142
1.88  0.547119
1.89  0.575229
1.9  0.59537
1.91  0.628787
1.92  0.662445
1.93  0.683031
1.94  0.726204
1.95  0.761277
1.96  0.786171
1.97  0.825361
1.98  0.846713
1.99  0.882289
2  4.29509
2.01  0.928578
2.02  0.954496
2.03  0.993756
2.04  1.02115
2.05  1.0288
2.06  1.05222
2.07  1.08215
2.08  1.10392
2.09  1.11259
2.1  1.14571
2.11  1.17208
2.12  1.19703
2.13  1.215
2.14  1.24987
2.15  1.25923
2.16  1.29603
2.17  1.33865
2.18  1.35585
2.19  1.38472
2.2  1.41587
2.21  1.44353
2.22  1.47025
2.23  1.49289
2.24  1.50195
2.25  1.51582
2.26  1.54941
2.27  1.53853
2.28  1.54672
2.29  1.53449
2.3  1.55564
2.31  1.52975
2.32  1.52029
2.33  1.51763
2.34  1.52148
2.35  1.49694
2.36  1.49456
2.37  1.45585
2.38  1.44825
2.39  1.44192
2.4  1.39837
2.41  1.39228
2.42  1.37456
2.43  1.33874
2.44  1.3119
2.45  1.28852
2.46  1.25549
2.47  1.20975
2.48  1.19466
2.49  1.16621
2.5  1.12874
2.51  1.09295
2.52  1.06962
2.53  1.04702
2.54  1.01487
2.55  0.99676
2.56  0.961683
2.57  0.943787
2.58  0.915276
2.59  0.898627
2.6  0.86904
2.61  0.8534
2.62  0.833071
2.63  0.803021
2.64  0.78352
2.65  0.759919
2.66  0.746527
2.67  0.728702
2.68  0.709294
2.69  0.701237
2.7  0.690069
2.71  0.67047
2.72  0.652784
2.73  0.650418
2.74  0.645255
2.75  0.634159
2.76  0.62681
2.77  0.62005
2.78  0.614103
2.79  0.611141
2.8  0.609894
2.81  0.612231
2.82  0.617388
2.83  0.620183
2.84  0.62727
2.85  0.633536
2.86  0.643718
2.87  0.654002
2.88  0.651559
2.89  0.669165
2.9  0.687308
2.91  0.697933
2.92  0.710084
2.93  0.723095
2.94  0.740038
2.95  0.753122
2.96  0.773435
2.97  0.789036
2.98  0.804841
2.99  0.833109
3  0.857531
3.01  2.93641
3.02  0.891292
3.03  0.912781
3.04  0.931685
3.05  0.955779
3.06  0.989845
3.07  0.986874
3.08  1.0077
3.09  1.03433
3.1  1.057
3.11  1.06234
3.12  1.06968
3.13  1.0759
3.14  1.09391
3.15  1.10841
3.16  1.12703
3.17  1.13568
3.18  1.14253
3.19  1.15141
3.2  1.15405
3.21  1.15994
3.22  1.17651
3.23  1.17552
3.24  1.19406
3.25  1.19185
3.26  1.19514
3.27  1.20622
3.28  1.20969
3.29  1.21423
3.3  1.20334
3.31  1.21745
3.32  1.23531
3.33  1.21947
3.34  1.24086
3.35  1.23114
3.36  1.24487
3.37  1.2357
3.38  1.22383
3.39  1.2368
3.4  1.23574
3.41  1.22824
3.42  1.22485
3.43  1.21462
3.44  1.21387
3.45  1.19552
3.46  1.19541
3.47  1.17592
3.48  1.16815
3.49  1.15152
3.5  1.15488
3.51  1.12737
3.52  1.11223
3.53  1.10619
3.54  1.10037
3.55  1.0935
3.56  1.078
3.57  1.06309
3.58  1.05741
3.59  1.04088
3.6  1.02508
3.61  1.01298
3.62  0.999317
3.63  0.985938
3.64  0.969056
3.65  0.959673
3.66  0.949046
3.67  0.935854
3.68  0.920791
3.69  0.915112
3.7  0.91721
3.71  0.900775
3.72  0.887224
3.73  0.874201
3.74  0.874002
3.75  0.864538
3.76  0.861655
3.77  0.852161
3.78  0.83944
3.79  0.829868
3.8  0.83465
3.81  0.828503
3.82  0.821795
3.83  0.814475
3.84  0.812317
3.85  0.810281
3.86  0.801178
3.87  0.811872
3.88  0.804819
3.89  0.802349
3.9  0.808639
3.91  0.807277
3.92  0.809316
3.93  0.819268
3.94  0.82484
3.95  0.82888
3.96  0.835133
3.97  0.843101
3.98  0.85519
3.99  0.861028
4  0.877489
4.01  2.30748
4.02  0.902118
4.03  0.905639
4.04  0.911211
4.05  0.921664
4.06  0.935257
4.07  0.93668
4.08  0.949458
4.09  0.950528
4.1  0.964107
4.11  0.964637
4.12  0.981792
4.13  0.987486
4.14  0.993237
4.15  1.00143
4.16  1.01885
4.17  1.01689
4.18  1.02928
4.19  1.04124
4.2  1.04599
4.21  1.04702
4.22  1.05727
4.23  1.05959
4.24  1.0545
4.25  1.06726
4.26  1.06803
4.27  1.06508
4.28  1.07148
4.29  1.07112
4.3  1.0825
4.31  1.08637
4.32  1.09602
4.33  1.08726
4.34  1.09626
4.35  1.09651
4.36  1.09719
4.37  1.10859
4.38  1.10314
4.39  1.10588
4.4  1.11268
4.41  1.10139
4.42  1.10297
4.43  1.10765
4.44  1.09537
4.45  1.10519
4.46  1.09682
4.47  1.09331
4.48  1.09823
4.49  1.09194
4.5  1.0973
4.51  1.09847
4.52  1.08431
4.53  1.08547
4.54  1.07354
4.55  1.08172
4.56  1.07468
4.57  1.06187
4.58  1.06047
4.59  1.04957
4.6  1.04255
4.61  1.04675
4.62  1.0344
4.63  1.03142
4.64  1.01954
4.65  1.01228
4.66  1.00223
4.67  0.998673
4.68  0.998248
4.69  0.978857
4.7  0.978159
4.71  0.969351
4.72  0.96157
4.73  0.965836
4.74  0.957677
4.75  0.951221
4.76  0.941045
4.77  0.944784
4.78  0.938322
4.79  0.930615
4.8  0.930343
4.81  0.928776
4.82  0.918745
4.83  0.918293
4.84  0.927947
4.85  0.922897
4.86  0.919614
4.87  0.919877
4.88  0.91731
4.89  0.917388
4.9  0.919791
4.91  0.919445
4.92  0.917332
4.93  0.924931
4.94  0.923847
4.95  0.926027
4.96  0.930209
4.97  0.932239
4.98  0.932528
4.99  0.942487
5  0.939201
5.01  1.96011
5.02  0.939392
5.03  0.953058
5.04  0.960645
5.05  0.959794
5.06  0.957939
5.07  0.95986
5.08  0.963028
5.09  0.97269
5.1  0.971976
5.11  0.976445
5.12  0.978975
5.13  0.976156
5.14  0.978594
5.15  0.984843
5.16  0.98447
5.17  0.986002
5.18  0.989987
5.19  0.989116
5.2  0.996073
5.21  1.00094
5.22  0.993382
5.23  0.999643
5.24  1.00632
5.25  1.00306
5.26  1.01505
5.27  1.0082
5.28  1.01379
5.29  1.0196
5.3  1.01878
5.31  1.02217
5.32  1.02385
5.33  1.03072
5.34  1.02781
5.35  1.02557
5.36  1.02354
5.37  1.02992
5.38  1.02744
5.39  1.02002
5.4  1.03328
5.41  1.02768
5.42  1.02594
5.43  1.02434
5.44  1.02968
5.45  1.02239
5.46  1.0346
5.47  1.0293
5.48  1.02725
5.49  1.02346
5.5  1.03121
5.51  1.02766
5.52  1.02396
5.53  1.02765
5.54  1.02229
5.55  1.02721
5.56  1.02171
5.57  1.02164
5.58  1.01485
5.59  1.01966
5.6  1.02585
5.61  1.0187
5.62  1.01413
5.63  1.01989
5.64  1.01768
5.65  1.01509
5.66  1.01104
5.67  1.01166
5.68  1.00356
5.69  1.0037
5.7  1.00109
5.71  0.993792
5.72  0.994888
5.73  0.99351
5.74  0.990201
5.75  0.987691
5.76  0.985018
5.77  0.989296
5.78  0.990144
5.79  0.987138
5.8  0.99089
5.81  0.979586
5.82  0.975629
5.83  0.975218
5.84  0.969331
5.85  0.974945
5.86  0.972339
5.87  0.974975
5.88  0.968189
5.89  0.972962
5.9  0.971757
5.91  0.963945
5.92  0.974953
5.93  0.974049
5.94  0.97416
5.95  0.97376
5.96  0.975226
5.97  0.976342
5.98  0.986177
5.99  0.988855
6  0.989979
6.01  1.73961
6.02  0.985573
6.03  0.992178
6.04  0.991508
6.05  0.994162
6.06  0.992253
6.07  0.991551
6.08  0.992644
6.09  0.989468
6.1  0.989609
6.11  0.995912
6.12  0.992157
6.13  0.997951
6.14  1.00091
6.15  0.997732
6.16  0.997204
6.17  0.995129
6.18  0.997607
6.19  0.994006
6.2  1.0033
6.21  0.998827
6.22  0.998518
6.23  0.986658
6.24  0.994717
6.25  1.00167
6.26  0.996412
6.27  0.99445
6.28  0.995999
6.29  1.00217
6.3  0.997364
6.31  0.995021
6.32  0.994163
6.33  0.988982
6.34  0.991295
6.35  0.988051
6.36  0.993196
6.37  0.984849
6.38  0.987598
6.39  0.991701
6.4  0.986779
6.41  0.991941
6.42  0.986461
6.43  0.988768
6.44  0.993419
6.45  0.986974
6.46  0.986279
6.47  0.985772
6.48  0.985802
6.49  0.99076
6.5  0.990172
6.51  0.987684
6.52  0.989414
6.53  0.997458
6.54  0.989375
6.55  0.986406
6.56  0.987794
6.57  0.983791
6.58  0.975649
6.59  0.982513
6.6  0.978376
6.61  0.980868
6.62  0.980733
6.63  0.977514
6.64  0.979975
6.65  0.978533
6.66  0.983216
6.67  0.979546
6.68  0.980559
6.69  0.98252
6.7  0.983663
6.71  0.996963
6.72  0.989203
6.73  0.994883
6.74  1.00204
6.75  1.00263
6.76  1.00486
6.77  1.00305
6.78  0.99763
6.79  1.00616
6.8  1.00509
6.81  1.00839
6.82  1.00474
6.83  0.997445
6.84  1.0009
6.85  1.0045
6.86  1.01166
6.87  1.0084
6.88  1.00438
6.89  1.00517
6.9  1.00155
6.91  0.997419
6.92  0.999833
6.93  1.00351
6.94  0.99376
6.95  1.00226
6.96  0.998388
6.97  1.00229
6.98  1.00197
6.99  1.00909
7  0.998659
7.01  1.65533
7.02  1.00568
7.03  1.01298
7.04  1.0088
7.05  1.01584
7.06  1.00801
7.07  1.00814
7.08  1.01798
7.09  1.0155
7.1  1.01215
7.11  1.01271
7.12  1.01618
7.13  1.00366
7.14  1.00639
7.15  1.01087
7.16  1.01257
7.17  1.00537
7.18  0.999979
7.19  1.01418
7.2  0.998381
7.21  0.998223
7.22  1.00403
7.23  1.00033
7.24  0.995592
7.25  0.99131
7.26  0.993688
7.27  0.994842
7.28  0.993223
7.29  0.996443
7.3  0.987497
7.31  0.989176
7.32  0.98709
7.33  0.987008
7.34  0.988161
7.35  0.988934
7.36  0.985014
7.37  0.98626
7.38  0.978365
7.39  0.982059
7.4  0.97289
7.41  0.97427
7.42  0.974569
7.43  0.97661
7.44  0.972434
7.45  0.974245
7.46  0.973005
7.47  0.96617
7.48  0.968057
7.49  0.969278
7.5  0.9711
7.51  0.960468
7.52  0.973749
7.53  0.971526
7.54  0.970331
7.55  0.969805
7.56  0.970741
7.57  0.967841
7.58  0.970551
7.59  0.980816
7.6  0.967271
7.61  0.970231
7.62  0.967983
7.63  0.965425
7.64  0.972655
7.65  0.969303
7.66  0.973719
7.67  0.968657
7.68  0.966493
7.69  0.973979
7.7  0.980251
7.71  0.964559
7.72  0.96452
7.73  0.967026
7.74  0.965054
7.75  0.969333
7.76  0.972708
7.77  0.974416
7.78  0.97763
7.79  0.981708
7.8  0.983752
7.81  0.99053
7.82  0.988766
7.83  0.9943
7.84  0.999188
7.85  1.00166
7.86  0.998698
7.87  1.00137
7.88  1.00849
7.89  1.01008
7.9  1.00744
7.91  1.01018
7.92  1.01115
7.93  1.01857
7.94  1.01632
7.95  1.02312
7.96  1.02154
7.97  1.02894
7.98  1.02298
7.99  1.03379
8  1.03633
8.01  1.59724
8.02  1.03481
8.03  1.0323
8.04  1.03362
8.05  1.03109
8.06  1.02513
8.07  1.02825
8.08  1.02684
8.09  1.02776
8.1  1.02523
8.11  1.01524
8.12  1.02019
8.13  1.01135
8.14  1.01831
8.15  1.01343
8.16  1.01197
8.17  1.00812
8.18  1.0084
8.19  1.01056
8.2  1.00562
8.21  1.0114
8.22  1.01028
8.23  1.01226
8.24  1.00642
8.25  1.00512
8.26  1.00548
8.27  1.00452
8.28  1.00531
8.29  0.994626
8.3  0.998134
8.31  0.994131
8.32  0.984668
8.33  0.983614
8.34  0.982239
8.35  0.98792
8.36  0.973312
8.37  0.974533
8.38  0.97283
8.39  0.973349
8.4  0.973808
8.41  0.970327
8.42  0.971806
8.43  0.970443
8.44  0.972941
8.45  0.968724
8.46  0.975258
8.47  0.968099
8.48  0.967383
8.49  0.967761
8.5  0.96803
8.51  0.963931
8.52  0.964221
8.53  0.952761
8.54  0.961788
8.55  0.96654
8.56  0.958557
8.57  0.957208
8.58  0.962204
8.59  0.959683
8.6  0.962542
8.61  0.958473
8.62  0.967115
8.63  0.963747
8.64  0.965605
8.65  0.966772
8.66  0.964168
8.67  0.963219
8.68  0.970524
8.69  0.963959
8.7  0.968406
8.71  0.960591
8.72  0.966891
8.73  0.967146
8.74  0.963982
8.75  0.964927
8.76  0.973278
8.77  0.971886
8.78  0.968586
8.79  0.980181
8.8  0.976566
8.81  0.976655
8.82  0.982592
8.83  0.978226
8.84  0.990977
8.85  0.981821
8.86  0.990849
8.87  0.988184
8.88  0.993598
8.89  0.988675
8.9  0.993966
8.91  0.998791
8.92  0.999782
8.93  1.00943
8.94  1.00628
8.95  1.00964
8.96  1.00824
8.97  1.00752
8.98  1.01885
8.99  1.01798
