19.4516   17.0627
0.551932   17.4721
1.65867   16.9671
2.95378   17.5607
3.90474   16.8797
5.00854   17.4124
8.05164   17.0726
7.14035   17.6831
9.14933   16.4048
9.12099   17.5102
10.2651   17.3354
11.3088   18.0606
11.371   16.7507
12.4199   17.695
13.9344   18.2749
13.5158   17.1363
16.0114   17.3996
17.5237   17.0048
18.4167   17.7313
18.4841   16.4316
0   1
0   1
0.579532   18.715
1.65448   18.13
2.80044   18.8004
4.06361   18.174
4.95003   18.846
5.86631   18.1442
6.96294   18.9138
8.17505   18.2597
8.81709   19.135
10.0247   18.4774
11.0518   19.1315
12.2281   18.7698
13.5619   19.5085
15.1013   18.2735
14.7905   16.9838
16.2314   18.5642
17.3182   18.2153
18.3674   18.8525
19.3764   18.1781
0   2
0   2
0.617951   19.9227
1.61154   19.4815
2.7593   0.0703911
3.86601   19.2869
4.52622   0.223842
5.87344   19.7098
6.68758   0.634633
7.61479   19.9173
8.93434   0.556853
9.92682   19.7636
11.1537   0.229028
12.4012   19.9205
13.168   0.736777
14.2455   0.398848
15.1924   19.6503
16.2315   0.26372
17.3544   19.4217
18.4185   19.988
19.4773   19.4705
0   3
0   3
1.17174   1.86995
1.60504   0.805071
2.47735   1.55316
3.55048   0.95052
4.50007   1.57786
5.47718   0.902429
6.47746   1.78728
7.80092   1.18292
9.00304   1.68083
10.1704   1.20105
11.1234   1.86177
12.225   1.27727
12.9666   2.12918
14.0501   1.62443
15.2124   0.886233
16.3159   1.38504
17.4272   0.53709
17.9549   1.73961
18.7547   0.993133
0   4
0   4
1.21678   3.25653
2.23165   2.70471
3.43756   3.34877
3.49764   2.15543
4.51362   2.84121
5.49506   2.20747
6.64282   3.01902
7.78252   2.35297
8.85726   2.96665
10.1746   2.32037
10.8518   3.38157
11.8746   2.75871
12.8777   3.30629
13.8584   2.7091
15.1654   1.91933
16.1023   3.01453
17.2764   2.59518
18.2563   3.46853
18.8689   2.50666
0   5
0   5
1.31553   4.54798
2.30061   3.80774
3.22603   4.49508
4.38312   4.11392
5.46837   4.66109
5.41803   3.38846
6.40202   4.07498
7.78971   3.56036
8.96497   4.49279
9.72299   3.55858
10.7212   4.61798
11.7259   4.17216
12.9071   4.55605
13.8328   3.844
14.9167   3.45703
16.0084   4.18528
17.1466   3.90801
17.6648   4.91047
18.7114   4.47307
0   6
0   6
1.20086   5.76237
2.28833   5.03231
3.14276   5.84092
4.25477   5.25966
5.3504   5.87392
6.71576   5.39934
7.40675   6.28746
7.6739   4.84161
8.51165   5.69931
9.77352   5.51804
10.8733   5.686
12.1651   5.34113
13.0473   5.87096
14.1605   5.29317
15.0393   4.64058
15.2564   5.80497
16.2629   5.28593
17.2625   5.98887
18.601   5.59812
0   7
0   7
1.05868   7.29676
2.14653   6.55517
3.43857   7.19596
4.25803   6.36596
5.34062   7.08195
6.2921   6.45728
7.41827   7.37372
8.42111   7.08865
9.7723   7.81868
9.47922   6.65762
10.6319   6.71701
12.0391   6.45086
13.0688   7.21514
14.2844   6.44324
15.2362   6.89079
15.2694   7.97536
16.232   6.50881
17.2616   7.3012
18.7022   6.88241
0   8
0   8
1.13921   8.71522
2.41984   7.73042
3.45755   8.69072
4.40769   7.88516
5.33844   8.63196
6.28572   7.84057
7.60674   8.52618
8.64992   8.28288
10.0475   8.96449
11.1291   8.59415
11.2307   9.69691
11.5751   7.44887
13.1075   8.38564
14.0808   9.06445
14.1508   7.92477
15.3243   9.23225
16.3153   8.06995
17.5371   8.50271
18.7988   8.00085
0   9
0   9
1.27499   9.94964
2.33146   9.10854
3.35929   9.90734
4.39628   9.23409
5.56954   9.93556
6.51265   8.95451
7.66413   9.68605
8.80455   9.40794
9.11359   10.7559
10.0145   10.114
11.1897   11.0687
12.1688   8.93886
12.2212   10.4602
13.3939   10.1088
14.5098   10.2381
15.6099   10.375
16.7039   9.3299
17.927   9.74114
18.7999   9.04931
0   10
0   10
1.24114   11.1418
2.3098   10.5059
3.52679   11.4671
4.41363   10.4531
5.34754   11.1699
6.65395   10.2457
6.42408   11.2834
7.8897   11.0252
9.22859   11.9243
10.1254   11.3094
10.9624   12.1589
12.1694   11.6615
13.3779   11.3233
14.6625   11.426
15.6971   11.7055
16.48   13.0967
16.7044   10.6185
17.8052   10.9947
18.8499   10.3998
0   11
0   11
1.26762   12.2703
2.25759   11.6548
3.47269   12.8542
4.48435   12.1153
4.91118   13.4484
5.62834   12.3986
6.90933   12.2593
8.06078   12.2791
8.90139   13.1998
10.0474   12.8119
10.9707   13.4132
12.0046   12.9511
13.049   12.4157
14.1351   12.4611
15.2202   12.7631
16.3358   15.1208
16.9047   11.8628
18.747   13.3702
18.4543   11.8828
0   12
0   12
1.31376   13.402
2.3424   12.9371
2.36465   14.0241
3.84207   14.0712
4.83793   14.8981
6.4906   13.2747
7.02869   14.6769
7.84434   13.618
8.3103   14.6668
9.78239   13.9376
12.9958   15.2073
11.8637   14.1181
13.2477   13.8969
14.4985   13.5918
15.7803   13.8918
15.2043   15.138
17.551   12.786
17.9799   15.4173
18.958   14.6446
0   13
0   13
0.434983   15.0096
1.52683   14.6721
2.6387   15.0764
3.70097   15.5001
6.18397   15.6397
5.75371   14.3409
7.04346   16.3702
8.22152   15.8007
9.55166   15.1316
10.8594   14.8544
10.5908   15.9032
11.8858   15.4705
12.4849   16.446
14.0061   14.6508
14.1484   15.8567
15.5826   16.188
17.5744   14.2173
19.3543   15.7238
16.6932   16.3138
0   14
0   14
0.491511   16.2017
1.59464   15.8688
2.87243   16.4136
5.10784   16.1195
5.97748   16.8399


