0.00111111    0.258439
0.00222222    0.25337
0.00333333    0.260499
0.00444444    0.253282
0.00555556    0.256222
0.00666667    0.251986
0.00777778    0.250321
0.00888889    0.253017
0.01    0.241917
0.0111111    0.251446
0.0122222    0.249364
0.0133333    0.249051
0.0144444    0.248376
0.0155556    0.245295
0.0166667    0.249795
0.0177778    0.247929
0.0188889    0.246062
0.02    0.245204
0.0211111    0.246627
0.0222222    0.248019
0.0233333    0.246292
0.0244444    0.245463
0.0255556    0.241544
0.0266667    0.247727
0.0277778    0.246702
0.0288889    0.243076
0.03    0.240403
0.0311111    0.240894
0.0322222    0.241343
0.0333333    0.244339
0.0344444    0.24264
0.0355556    0.241427
0.0366667    0.241003
0.0377778    0.239353
0.0388889    0.240493
0.04    0.236438
0.0411111    0.244067
0.0422222    0.241107
0.0433333    0.238072
0.0444444    0.240165
0.0455556    0.239214
0.0466667    0.237691
0.0477778    0.239891
0.0488889    0.237954
0.05    0.237185
0.0511111    0.229564
0.0522222    0.226451
0.0533333    0.236999
0.0544444    0.22618
0.0555556    0.235974
0.0566667    0.239395
0.0577778    0.233935
0.0588889    0.235253
0.06    0.229241
0.0611111    0.238225
0.0622222    0.233657
0.0633333    0.231937
0.0644444    0.230047
0.0655556    0.215078
0.0666667    0.233739
0.0677778    0.233355
0.0688889    0.231051
0.07    0.231293
0.0711111    0.229568
0.0722222    0.229292
0.0733333    0.230628
0.0744444    0.225357
0.0755556    0.228513
0.0766667    0.224069
0.0777778    0.227822
0.0788889    0.231239
0.08    0.228606
0.0811111    0.22839
0.0822222    0.2272
0.0833333    0.226157
0.0844444    0.224614
0.0855556    0.22693
0.0866667    0.222061
0.0877778    0.224487
0.0888889    0.223161
0.09    0.224353
0.0911111    0.223936
0.0922222    0.222121
0.0933333    0.221571
0.0944444    0.22016
0.0955556    0.22641
0.0966667    0.225376
0.0977778    0.224044
0.0988889    0.222286
0.1    0.221299
0.101111    0.219472
0.102222    0.213269
0.103333    0.21878
0.104444    0.208553
0.105556    0.219562
0.106667    0.217438
0.107778    0.217607
0.108889    0.207232
0.11    0.218997
0.111111    0.216397
0.112222    0.217378
0.113333    0.215968
0.114444    0.218154
0.115556    0.216437
0.116667    0.215843
0.117778    0.21572
0.118889    0.214332
0.12    0.209864
0.121111    0.213624
0.122222    0.212901
0.123333    0.21476
0.124444    0.212584
0.125556    0.189717
0.126667    0.209839
0.127778    0.211526
0.128889    0.206521
0.13    0.210016
0.131111    0.208194
0.132222    0.20994
0.133333    0.211191
0.134444    0.210689
0.135556    0.209018
0.136667    0.208174
0.137778    0.208401
0.138889    0.209027
0.14    0.20884
0.141111    0.208295
0.142222    0.201324
0.143333    0.207562
0.144444    0.206186
0.145556    0.20504
0.146667    0.207496
0.147778    0.203004
0.148889    0.200114
0.15    0.205043
0.151111    0.205025
0.152222    0.204453
0.153333    0.199352
0.154444    0.203719
0.155556    0.202632
0.156667    0.203246
0.157778    0.205946
0.158889    0.202235
0.16    0.203202
0.161111    0.208946
0.162222    0.201781
0.163333    0.199184
0.164444    0.201067
0.165556    0.207248
0.166667    0.199735
0.167778    0.198193
0.168889    0.198931
0.17    0.198694
0.171111    0.200081
0.172222    0.198057
0.173333    0.193229
0.174444    0.197596
0.175556    0.195552
0.176667    0.195876
0.177778    0.194903
0.178889    0.196715
0.18    0.196057
0.181111    0.19508
0.182222    0.193682
0.183333    0.194016
0.184444    0.19446
0.185556    0.192904
0.186667    0.194069
0.187778    0.193364
0.188889    0.19065
0.19    0.191538
0.191111    0.19237
0.192222    0.191021
0.193333    0.192572
0.194444    0.19044
0.195556    0.191846
0.196667    0.189582
0.197778    0.188393
0.198889    0.189284
0.2    0.18825
0.201111    0.188136
0.202222    0.185364
0.203333    0.189493
0.204444    0.185773
0.205556    0.189697
0.206667    0.185678
0.207778    0.184866
0.208889    0.186083
0.21    0.186317
0.211111    0.18715
0.212222    0.183248
0.213333    0.182362
0.214444    0.184064
0.215556    0.182991
0.216667    0.18384
0.217778    0.183019
0.218889    0.181799
0.22    0.183893
0.221111    0.18232
0.222222    0.182627
0.223333    0.18182
0.224444    0.181642
0.225556    0.181137
0.226667    0.181103
0.227778    0.179004
0.228889    0.182591
0.23    0.175046
0.231111    0.179692
0.232222    0.177382
0.233333    0.178169
0.234444    0.181696
0.235556    0.177119
0.236667    0.177986
0.237778    0.17835
0.238889    0.176677
0.24    0.178054
0.241111    0.175429
0.242222    0.174641
0.243333    0.17562
0.244444    0.175261
0.245556    0.175031
0.246667    0.177255
0.247778    0.175027
0.248889    0.17253
0.25    0.174334
0.251111    0.169429
0.252222    0.173355
0.253333    0.170142
0.254444    0.171142
0.255556    0.172024
0.256667    0.17226
0.257778    0.168033
0.258889    0.170229
0.26    0.169468
0.261111    0.170406
0.262222    0.170319
0.263333    0.169116
0.264444    0.169239
0.265556    0.172774
0.266667    0.168484
0.267778    0.168168
0.268889    0.168483
0.27    0.166979
0.271111    0.168142
0.272222    0.167083
0.273333    0.165921
0.274444    0.164146
0.275556    0.165557
0.276667    0.165455
0.277778    0.169209
0.278889    0.16151
0.28    0.16539
0.281111    0.163034
0.282222    0.1654
0.283333    0.163369
0.284444    0.142115
0.285556    0.163688
0.286667    0.163082
0.287778    0.162982
0.288889    0.162625
0.29    0.157647
0.291111    0.160535
0.292222    0.159924
0.293333    0.16249
0.294444    0.159923
0.295556    0.158562
0.296667    0.159867
0.297778    0.155523
0.298889    0.15796
0.3    0.158627
0.301111    0.159173
0.302222    0.15817
0.303333    0.155497
0.304444    0.157845
0.305556    0.162498
0.306667    0.154382
0.307778    0.156083
0.308889    0.156347
0.31    0.161285
0.311111    0.156083
0.312222    0.155034
0.313333    0.155803
0.314444    0.154104
0.315556    0.15432
0.316667    0.153911
0.317778    0.153152
0.318889    0.15327
0.32    0.15317
0.321111    0.151967
0.322222    0.151959
0.323333    0.152246
0.324444    0.151111
0.325556    0.153173
0.326667    0.150415
0.327778    0.150624
0.328889    0.150449
0.33    0.150317
0.331111    0.149376
0.332222    0.149769
0.333333    0.148897
0.334444    0.148715
0.335556    0.147911
0.336667    0.147923
0.337778    0.149002
0.338889    0.147798
0.34    0.147027
0.341111    0.147041
0.342222    0.146808
0.343333    0.145826
0.344444    0.146618
0.345556    0.144925
0.346667    0.144699
0.347778    0.144931
0.348889    0.147408
0.35    0.14435
0.351111    0.143176
0.352222    0.144585
0.353333    0.142756
0.354444    0.149204
0.355556    0.140261
0.356667    0.14231
0.357778    0.142525
0.358889    0.141432
0.36    0.141408
0.361111    0.140496
0.362222    0.139951
0.363333    0.13967
0.364444    0.139673
0.365556    0.134127
0.366667    0.140251
0.367778    0.139436
0.368889    0.138455
0.37    0.139019
0.371111    0.137648
0.372222    0.137516
0.373333    0.137323
0.374444    0.129909
0.375556    0.137225
0.376667    0.136093
0.377778    0.135881
0.378889    0.135906
0.38    0.135921
0.381111    0.135936
0.382222    0.136283
0.383333    0.134852
0.384444    0.134284
0.385556    0.133921
0.386667    0.134069
0.387778    0.133291
0.388889    0.133232
0.39    0.132021
0.391111    0.133227
0.392222    0.132116
0.393333    0.132528
0.394444    0.131885
0.395556    0.130897
0.396667    0.131258
0.397778    0.13192
0.398889    0.130178
0.4    0.130226
0.401111    0.130089
0.402222    0.129658
0.403333    0.129168
0.404444    0.12747
0.405556    0.128972
0.406667    0.128781
0.407778    0.127885
0.408889    0.12822
0.41    0.127137
0.411111    0.126657
0.412222    0.127024
0.413333    0.126052
0.414444    0.126055
0.415556    0.125967
0.416667    0.12543
0.417778    0.126273
0.418889    0.125218
0.42    0.125022
0.421111    0.125204
0.422222    0.124793
0.423333    0.124761
0.424444    0.124007
0.425556    0.123157
0.426667    0.117375
0.427778    0.122308
0.428889    0.122869
0.43    0.122148
0.431111    0.121707
0.432222    0.12139
0.433333    0.120826
0.434444    0.120838
0.435556    0.120914
0.436667    0.120916
0.437778    0.119906
0.438889    0.119594
0.44    0.119598
0.441111    0.119388
0.442222    0.118797
0.443333    0.116749
0.444444    0.118328
0.445556    0.118883
0.446667    0.117434
0.447778    0.117034
0.448889    0.117706
0.45    0.116294
0.451111    0.116331
0.452222    0.116548
0.453333    0.116098
0.454444    0.115576
0.455556    0.114797
0.456667    0.114767
0.457778    0.115397
0.458889    0.114227
0.46    0.112704
0.461111    0.114379
0.462222    0.113268
0.463333    0.11386
0.464444    0.112733
0.465556    0.113385
0.466667    0.112275
0.467778    0.112159
0.468889    0.111146
0.47    0.111389
0.471111    0.111248
0.472222    0.110631
0.473333    0.111029
0.474444    0.111042
0.475556    0.110331
0.476667    0.109916
0.477778    0.109854
0.478889    0.109595
0.48    0.109164
0.481111    0.10944
0.482222    0.107703
0.483333    0.108362
0.484444    0.10742
0.485556    0.10744
0.486667    0.106869
0.487778    0.107365
0.488889    0.106535
0.49    0.106122
0.491111    0.105715
0.492222    0.106039
0.493333    0.10557
0.494444    0.105148
0.495556    0.105143
0.496667    0.107485
0.497778    0.102907
0.498889    0.104043
0.5    0.103871
0.501111    0.103175
0.502222    0.102231
0.503333    0.102256
0.504444    0.102486
0.505556    0.103596
0.506667    0.102089
0.507778    0.101791
0.508889    0.101198
0.51    0.101402
0.511111    0.10112
0.512222    0.101003
0.513333    0.100813
0.514444    0.103268
0.515556    0.0999712
0.516667    0.0995267
0.517778    0.0991584
0.518889    0.0991992
0.52    0.0987078
0.521111    0.0974453
0.522222    0.098141
0.523333    0.0978278
0.524444    0.0976167
0.525556    0.097307
0.526667    0.0966313
0.527778    0.0968785
0.528889    0.0962072
0.53    0.0962539
0.531111    0.0968155
0.532222    0.0956335
0.533333    0.0948248
0.534444    0.0947558
0.535556    0.0947818
0.536667    0.0947672
0.537778    0.0945036
0.538889    0.0940006
0.54    0.0938653
0.541111    0.0924483
0.542222    0.09334
0.543333    0.0930353
0.544444    0.0927827
0.545556    0.0928203
0.546667    0.0919664
0.547778    0.0915442
0.548889    0.090573
0.55    0.0913132
0.551111    0.0911053
0.552222    0.0907633
0.553333    0.0904826
0.554444    0.0904852
0.555556    0.0900594
0.556667    0.0893263
0.557778    0.0884159
0.558889    0.088231
0.56    0.0895987
0.561111    0.0884892
0.562222    0.0882694
0.563333    0.0877966
0.564444    0.0880395
0.565556    0.0874061
0.566667    0.0874039
0.567778    0.0870853
0.568889    0.0830089
0.57    0.0862485
0.571111    0.0864333
0.572222    0.0861582
0.573333    0.0855903
0.574444    0.0852541
0.575556    0.0850864
0.576667    0.0846671
0.577778    0.0842286
0.578889    0.0833901
0.58    0.0844402
0.581111    0.0833564
0.582222    0.08318
0.583333    0.0833357
0.584444    0.0828017
0.585556    0.0826607
0.586667    0.0825353
0.587778    0.0824395
0.588889    0.0818494
0.59    0.0816124
0.591111    0.0805205
0.592222    0.0809389
0.593333    0.0807771
0.594444    0.0806417
0.595556    0.0799549
0.596667    0.0798937
0.597778    0.0793611
0.598889    0.0794803
0.6    0.0785341
0.601111    0.0789639
0.602222    0.0789289
0.603333    0.0784589
0.604444    0.0777808
0.605556    0.0776902
0.606667    0.0768146
0.607778    0.0772093
0.608889    0.0770481
0.61    0.0771743
0.611111    0.0763988
0.612222    0.0765437
0.613333    0.0759876
0.614444    0.0758791
0.615556    0.0752158
0.616667    0.0752465
0.617778    0.0750027
0.618889    0.075325
0.62    0.0739181
0.621111    0.074185
0.622222    0.0739021
0.623333    0.0738962
0.624444    0.0736047
0.625556    0.0731858
0.626667    0.0731089
0.627778    0.0727978
0.628889    0.0726539
0.63    0.0721516
0.631111    0.0717345
0.632222    0.0714812
0.633333    0.071567
0.634444    0.0710129
0.635556    0.0708032
0.636667    0.0701152
0.637778    0.0704375
0.638889    0.0701912
0.64    0.0693147
0.641111    0.0695397
0.642222    0.069749
0.643333    0.0689612
0.644444    0.0688853
0.645556    0.068866
0.646667    0.0685704
0.647778    0.0683003
0.648889    0.0679044
0.65    0.0675956
0.651111    0.0677441
0.652222    0.067404
0.653333    0.0668227
0.654444    0.06649
0.655556    0.0665581
0.656667    0.0659326
0.657778    0.0657509
0.658889    0.0654436
0.66    0.0653627
0.661111    0.0651956
0.662222    0.064833
0.663333    0.0646282
0.664444    0.0643707
0.665556    0.0642839
0.666667    0.0631622
0.667778    0.0635189
0.668889    0.063587
0.67    0.0629854
0.671111    0.0627047
0.672222    0.0626375
0.673333    0.0621934
0.674444    0.0610036
0.675556    0.0615746
0.676667    0.0617284
0.677778    0.0613206
0.678889    0.0611287
0.68    0.0609334
0.681111    0.0604263
0.682222    0.0603698
0.683333    0.0599736
0.684444    0.0598435
0.685556    0.0594966
0.686667    0.0594523
0.687778    0.0596094
0.688889    0.059042
0.69    0.0584186
0.691111    0.058408
0.692222    0.0580401
0.693333    0.0577259
0.694444    0.0579082
0.695556    0.0579356
0.696667    0.0570308
0.697778    0.057104
0.698889    0.0568829
0.7    0.0565158
0.701111    0.0562614
0.702222    0.0559113
0.703333    0.0573265
0.704444    0.0555962
0.705556    0.0554921
0.706667    0.0547565
0.707778    0.0549259
0.708889    0.0547039
0.71    0.0543185
0.711111    0.0527255
0.712222    0.0539122
0.713333    0.0534295
0.714444    0.0534808
0.715556    0.0531589
0.716667    0.0529885
0.717778    0.0527392
0.718889    0.0525096
0.72    0.0521775
0.721111    0.0519567
0.722222    0.0515831
0.723333    0.0514534
0.724444    0.0513415
0.725556    0.0510009
0.726667    0.050675
0.727778    0.0505919
0.728889    0.050127
0.73    0.0500289
0.731111    0.0491199
0.732222    0.0495058
0.733333    0.0493145
0.734444    0.0494606
0.735556    0.0489221
0.736667    0.0486734
0.737778    0.048266
0.738889    0.0485518
0.74    0.048034
0.741111    0.047589
0.742222    0.0475289
0.743333    0.0472965
0.744444    0.046987
0.745556    0.0468296
0.746667    0.0462242
0.747778    0.0463789
0.748889    0.0450679
0.75    0.0458903
0.751111    0.0455753
0.752222    0.0457821
0.753333    0.0452711
0.754444    0.0449586
0.755556    0.0448957
0.756667    0.0445093
0.757778    0.0441593
0.758889    0.0439824
0.76    0.0437775
0.761111    0.0436271
0.762222    0.0433758
0.763333    0.0430996
0.764444    0.0431713
0.765556    0.0429403
0.766667    0.0424616
0.767778    0.0422148
0.768889    0.0419471
0.77    0.0417891
0.771111    0.0416209
0.772222    0.0411872
0.773333    0.0411121
0.774444    0.0408511
0.775556    0.0406888
0.776667    0.0404871
0.777778    0.0402102
0.778889    0.0397927
0.78    0.0396022
0.781111    0.0395304
0.782222    0.038995
0.783333    0.0391133
0.784444    0.0387331
0.785556    0.0386351
0.786667    0.0385936
0.787778    0.0382035
0.788889    0.0378554
0.79    0.0377369
0.791111    0.0375477
0.792222    0.0373301
0.793333    0.0371433
0.794444    0.0368969
0.795556    0.0367304
0.796667    0.0368199
0.797778    0.0361381
0.798889    0.0359699
0.8    0.0357747
0.801111    0.0355804
0.802222    0.0352921
0.803333    0.0350817
0.804444    0.0348913
0.805556    0.0350624
0.806667    0.0344704
0.807778    0.0342257
0.808889    0.0339974
0.81    0.0337717
0.811111    0.0336165
0.812222    0.0334343
0.813333    0.0331217
0.814444    0.0328913
0.815556    0.0327326
0.816667    0.0325222
0.817778    0.0322267
0.818889    0.0320167
0.82    0.0318182
0.821111    0.0316343
0.822222    0.0314028
0.823333    0.0310534
0.824444    0.0310204
0.825556    0.0307621
0.826667    0.030482
0.827778    0.0302715
0.828889    0.0300699
0.83    0.0298805
0.831111    0.0297153
0.832222    0.0295673
0.833333    0.0292599
0.834444    0.0291281
0.835556    0.0288339
0.836667    0.0285917
0.837778    0.0284484
0.838889    0.0281855
0.84    0.0280084
0.841111    0.0277298
0.842222    0.0275598
0.843333    0.0274003
0.844444    0.0271346
0.845556    0.0269245
0.846667    0.0267654
0.847778    0.0266508
0.848889    0.0263178
0.85    0.0260928
0.851111    0.0259552
0.852222    0.0256878
0.853333    0.0275838
0.854444    0.0253207
0.855556    0.0250726
0.856667    0.0249265
0.857778    0.0246396
0.858889    0.0244174
0.86    0.0242855
0.861111    0.0240866
0.862222    0.0238181
0.863333    0.0236077
0.864444    0.0233866
0.865556    0.0231964
0.866667    0.0229845
0.867778    0.0227791
0.868889    0.0225854
0.87    0.0223844
0.871111    0.0221625
0.872222    0.0220901
0.873333    0.0217618
0.874444    0.0215223
0.875556    0.0213796
0.876667    0.0211313
0.877778    0.0209257
0.878889    0.0207413
0.88    0.0206054
0.881111    0.0203621
0.882222    0.0201561
0.883333    0.0199217
0.884444    0.0197298
0.885556    0.0194946
0.886667    0.0192938
0.887778    0.0191046
0.888889    0.0189213
0.89    0.0187413
0.891111    0.0185479
0.892222    0.0183411
0.893333    0.0181209
0.894444    0.0179167
0.895556    0.0177283
0.896667    0.0175685
0.897778    0.0173695
0.898889    0.0171163
0.9    0.0169502
0.901111    0.016745
0.902222    0.0165441
0.903333    0.0163467
0.904444    0.0161604
0.905556    0.0159431
0.906667    0.0157282
0.907778    0.0155355
0.908889    0.0153726
0.91    0.01512
0.911111    0.0149491
0.912222    0.0147694
0.913333    0.0145763
0.914444    0.0143546
0.915556    0.0141837
0.916667    0.0140014
0.917778    0.0137976
0.918889    0.0135099
0.92    0.0133865
0.921111    0.013195
0.922222    0.0130166
0.923333    0.0128151
0.924444    0.0126033
0.925556    0.0124341
0.926667    0.0122429
0.927778    0.0120345
0.928889    0.0118292
0.93    0.0116576
0.931111    0.0114643
0.932222    0.011273
0.933333    0.011088
0.934444    0.0108905
0.935556    0.0106947
0.936667    0.0105153
0.937778    0.010306
0.938889    0.0101514
0.94    0.00995737
0.941111    0.00974067
0.942222    0.00955376
0.943333    0.00936704
0.944444    0.00915779
0.945556    0.00898172
0.946667    0.00879317
0.947778    0.00859756
0.948889    0.0084149
0.95    0.00823515
0.951111    0.00804364
0.952222    0.00785211
0.953333    0.00765461
0.954444    0.00748049
0.955556    0.00730449
0.956667    0.00710745
0.957778    0.00693592
0.958889    0.00674082
0.96    0.00655277
0.961111    0.00637798
0.962222    0.00618538
0.963333    0.00599447
0.964444    0.0058043
0.965556    0.00560947
0.966667    0.0054333
0.967778    0.0052486
0.968889    0.00505881
0.97    0.00488336
0.971111    0.00470263
0.972222    0.00451715
0.973333    0.00432736
0.974444    0.00414627
0.975556    0.00395813
0.976667    0.00378577
0.977778    0.00359437
0.978889    0.00341201
0.98    0.00322937
0.981111    0.00304843
0.982222    0.00286936
0.983333    0.00268734
0.984444    0.0025059
0.985556    0.00232376
0.986667    0.00214377
0.987778    0.00196963
0.988889    0.00178421
0.99    0.00160403
0.991111    0.00142986
0.992222    0.00124799
0.993333    0.00106421
0.994444    0.000889749
0.995556    0.000710139
0.996667    0.000531444
0.997778    0.000355
0.998889    0.000177146
