4   3.9849
4.00043   3.98653
4.00087   3.98524
4.0013   3.98654
4.00173   3.98675
4.00217   3.9866
4.0026   3.9896
4.00303   3.98847
4.00346   3.97366
4.00389   3.98345
4.00432   3.99073
4.00475   3.99082
4.00518   3.98927
4.00561   3.99065
4.00604   3.99161
4.00647   3.99173
4.00689   3.99205
4.00732   3.99301
4.00775   3.99273
4.00817   3.99286
4.0086   3.99393
4.00903   3.99286
4.00945   3.99531
4.00988   3.98797
4.0103   3.98506
4.01072   3.99587
4.01115   3.99606
4.01157   3.99684
4.01199   3.99326
4.01242   3.99819
4.01284   3.99813
4.01326   3.99839
4.01368   3.99903
4.0141   3.99927
4.01452   4.00072
4.01494   4.0019
4.01536   4.00062
4.01578   4.00137
4.0162   4.00214
4.01662   4.00104
4.01703   4.00246
4.01745   4.00322
4.01787   4.00312
4.01828   4.00376
4.0187   4.00389
4.01912   4.00469
4.01953   4.00478
4.01995   4.00588
4.02036   4.00535
4.02078   4.00757
4.02119   4.00679
4.0216   4.00669
4.02202   4.00673
4.02243   4.00825
4.02284   4.00823
4.02325   4.00893
4.02366   4.00884
4.02407   4.00958
4.02449   4.00993
4.0249   4.0103
4.02531   4.01024
4.02572   4.01104
4.02612   4.01144
4.02653   4.0124
4.02694   4.01202
4.02735   4.01248
4.02776   4.01297
4.02816   4.01377
4.02857   4.01733
4.02898   4.01464
4.02938   4.018
4.02979   4.01564
4.03019   4.01572
4.0306   4.01524
4.031   4.01582
4.03141   4.01716
4.03181   4.01677
4.03222   4.01779
4.03262   4.01813
4.03302   4.01694
4.03342   4.01972
4.03383   4.0131
4.03423   4.02026
4.03463   4.01999
4.03503   4.01942
4.03543   4.02099
4.03583   4.02035
4.03623   4.02249
4.03663   4.02203
4.03703   4.02146
4.03743   4.02242
4.03782   4.02757
4.03822   4.00411
4.03862   4.01905
4.03902   4.02472
4.03941   4.02457
4.03981   4.02532
4.04021   4.02612
4.0406   4.02511
4.041   4.02645
4.04139   4.02703
4.04179   4.02791
4.04218   4.02771
4.04258   4.02745
4.04297   4.0283
4.04336   4.02845
4.04376   4.02942
4.04415   4.02962
4.04454   4.02978
4.04493   4.0304
4.04532   4.03126
4.04571   4.03141
4.0461   4.03107
4.0465   4.03158
4.04689   4.03197
4.04727   4.03278
4.04766   4.03295
4.04805   4.03306
4.04844   4.03373
4.04883   4.03373
4.04922   4.03513
4.04961   4.03457
4.04999   4.03528
4.05038   4.03577
4.05077   4.03586
4.05115   4.0368
4.05154   4.03681
4.05192   4.03781
4.05231   4.03767
4.05269   4.03845
4.05308   4.03864
4.05346   4.03905
4.05385   4.03814
4.05423   4.03981
4.05461   4.04006
4.055   4.04074
4.05538   4.04037
4.05576   4.04158
4.05614   4.0417
4.05652   4.0424
4.0569   4.04322
4.05729   4.04278
4.05767   4.04307
4.05805   4.04326
4.05843   4.04363
4.05881   4.04398
4.05918   4.04487
4.05956   4.04457
4.05994   4.04505
4.06032   4.04536
4.0607   4.04577
4.06108   4.04649
4.06145   4.04611
4.06183   4.04701
4.06221   4.04739
4.06258   4.0486
4.06296   4.04833
4.06333   4.04896
4.06371   4.04937
4.06408   4.04993
4.06446   4.05024
4.06483   4.05052
4.06521   4.05015
4.06558   4.05099
4.06595   4.05155
4.06633   4.04932
4.0667   4.05196
4.06707   4.05261
4.06744   4.05061
4.06781   4.05279
4.06819   4.05384
4.06856   4.05393
4.06893   4.05398
4.0693   4.0541
4.06967   4.05517
4.07004   4.0546
4.07041   4.05562
4.07078   4.05578
4.07115   4.05652
4.07151   4.05691
4.07188   4.05709
4.07225   4.05759
4.07262   4.05693
4.07298   4.05861
4.07335   4.05819
4.07372   4.05936
4.07408   4.05906
4.07445   4.06017
4.07482   4.05927
4.07518   4.06167
4.07555   4.05926
4.07591   4.06601
4.07628   4.07055
4.07664   4.06225
4.077   4.06091
4.07737   4.06217
4.07773   4.06132
4.07809   4.06408
4.07846   4.06396
4.07882   4.06443
4.07918   4.06349
4.07954   4.06526
4.0799   4.06464
4.08027   4.06526
4.08063   4.06627
4.08099   4.06587
4.08135   4.06614
4.08171   4.06684
4.08207   4.06693
4.08243   4.06708
4.08279   4.06838
4.08314   4.06662
4.0835   4.06841
4.08386   4.06821
4.08422   4.06882
4.08458   4.06911
4.08493   4.06947
4.08529   4.06981
4.08565   4.07015
4.086   4.07038
4.08636   4.07018
4.08672   4.07132
4.08707   4.07313
4.08743   4.07235
4.08778   4.07241
4.08814   4.07238
4.08849   4.07282
4.08884   4.07296
4.0892   4.07399
4.08955   4.07458
4.08991   4.07398
4.09026   4.0744
4.09061   4.0749
4.09096   4.07582
4.09132   4.07571
4.09167   4.07582
4.09202   4.07575
4.09237   4.07524
4.09272   4.07651
4.09307   4.07784
4.09342   4.07744
4.09377   4.07724
4.09412   4.07784
4.09447   4.07909
4.09482   4.07835
4.09517   4.07907
4.09552   4.07961
4.09587   4.08017
4.09621   4.08045
4.09656   4.0804
4.09691   4.08107
4.09726   4.0813
4.0976   4.08117
4.09795   4.08186
4.0983   4.08231
4.09864   4.08257
4.09899   4.08226
4.09934   4.08336
4.09968   4.08317
4.10003   4.08392
4.10037   4.08364
4.10072   4.08381
4.10106   4.08453
4.1014   4.08486
4.10175   4.08526
4.10209   4.08572
4.10243   4.08568
4.10278   4.08647
4.10312   4.0863
4.10346   4.08467
4.1038   4.08711
4.10415   4.08972
4.10449   4.08764
4.10483   4.08837
4.10517   4.08782
4.10551   4.08928
4.10585   4.08876
4.10619   4.08952
4.10653   4.0889
4.10687   4.08973
4.10721   4.08505
4.10755   4.0906
4.10789   4.09118
4.10823   4.09095
4.10857   4.09142
4.1089   4.09828
4.10924   4.09222
4.10958   4.09243
4.10992   4.0924
4.11025   4.09326
4.11059   4.09312
4.11093   4.09376
4.11126   4.0937
4.1116   4.09431
4.11193   4.09496
4.11227   4.09499
4.11261   4.09444
4.11294   4.09588
4.11327   4.09611
4.11361   4.09562
4.11394   4.09632
4.11428   4.09701
4.11461   4.09603
4.11494   4.09691
4.11528   4.09756
4.11561   4.09757
4.11594   4.09978
4.11628   4.09894
4.11661   4.09893
4.11694   4.09948
4.11727   4.09629
4.1176   4.09624
4.11793   4.1015
4.11826   4.09983
4.1186   4.10088
4.11893   4.10115
4.11926   4.10116
4.11959   4.10268
4.11992   4.10165
4.12024   4.10185
4.12057   4.10212
4.1209   4.10293
4.12123   4.10318
4.12156   4.10311
4.12189   4.1033
4.12222   4.10373
4.12254   4.10417
4.12287   4.10475
4.1232   4.10455
4.12352   4.10467
4.12385   4.10546
4.12418   4.10591
4.1245   4.10556
4.12483   4.10729
4.12516   4.10674
4.12548   4.09815
4.12581   4.10677
4.12613   4.10774
4.12646   4.10683
4.12678   4.10801
4.1271   4.10814
4.12743   4.10824
4.12775   4.10748
4.12808   4.10954
4.1284   4.10911
4.12872   4.11011
4.12905   4.11003
4.12937   4.11009
4.12969   4.11066
4.13001   4.11111
4.13033   4.11096
4.13066   4.11099
4.13098   4.11174
4.1313   4.10611
4.13162   4.11211
4.13194   4.11173
4.13226   4.10929
4.13258   4.11308
4.1329   4.11339
4.13322   4.11316
4.13354   4.11333
4.13386   4.11426
4.13418   4.11452
4.1345   4.11479
4.13481   4.11601
4.13513   4.11533
4.13545   4.11552
4.13577   4.11518
4.13609   4.11564
4.1364   4.11598
4.13672   4.11659
4.13704   4.11696
4.13735   4.11714
4.13767   4.11798
4.13799   4.11785
4.1383   4.11838
4.13862   4.11837
4.13893   4.11915
4.13925   4.11928
4.13956   4.11834
4.13988   4.11831
4.14019   4.12007
4.14051   4.12016
4.14082   4.12073
4.14114   4.12079
4.14145   4.12086
4.14176   4.12093
4.14208   4.12314
4.14239   4.12158
4.1427   4.12201
4.14301   4.12231
4.14333   4.12258
4.14364   4.12289
4.14395   4.12326
4.14426   4.12348
4.14457   4.12573
4.14489   4.12426
4.1452   4.12484
4.14551   4.12503
4.14582   4.12517
4.14613   4.1251
4.14644   4.12594
4.14675   4.1254
4.14706   4.12613
4.14737   4.12723
4.14768   4.12661
4.14799   4.1264
4.14829   4.12724
4.1486   4.12656
4.14891   4.12738
4.14922   4.12824
4.14953   4.1283
4.14983   4.12818
4.15014   4.12852
4.15045   4.12869
4.15076   4.12877
4.15106   4.12953
4.15137   4.16925
4.15168   4.13036
4.15198   4.13053
4.15229   4.13047
4.15259   4.131
4.1529   4.13126
4.1532   4.13145
4.15351   4.13193
4.15381   4.13265
4.15412   4.13218
4.15442   4.13294
4.15473   4.13321
4.15503   4.13286
4.15534   4.13357
4.15564   4.13406
4.15594   4.13386
4.15625   4.13423
4.15655   4.1347
4.15685   4.13438
4.15715   4.13531
4.15746   4.13529
4.15776   4.13544
4.15806   4.13554
4.15836   4.13646
4.15866   4.13744
4.15897   4.13676
4.15927   4.1328
4.15957   4.13966
4.15987   4.13706
4.16017   4.13793
4.16047   4.13832
4.16077   4.13838
4.16107   4.1373
4.16137   4.1396
4.16167   4.13941
4.16197   4.1392
4.16227   4.14019
4.16256   4.14171
4.16286   4.13619
4.16316   4.14381
4.16346   4.14301
4.16376   4.13769
4.16406   4.1425
4.16435   4.14161
4.16465   4.14091
4.16495   4.14285
4.16524   4.14254
4.16554   4.14209
4.16584   4.144
4.16613   4.14342
4.16643   4.1441
4.16673   4.14142
4.16702   4.14408
4.16732   4.14326
4.16761   4.14528
4.16791   4.14456
4.1682   4.14558
4.1685   4.14563
4.16879   4.14573
4.16909   4.14593
4.16938   4.14653
4.16967   4.14711
4.16997   4.14713
4.17026   4.14732
4.17056   4.14723
4.17085   4.14715
4.17114   4.14823
4.17143   4.14842
4.17173   4.14849
4.17202   4.14823
4.17231   4.14958
4.1726   4.14943
4.17289   4.14984
4.17319   4.1502
4.17348   4.15028
4.17377   4.14991
4.17406   4.15089
4.17435   4.15151
4.17464   4.15164
4.17493   4.15139
4.17522   4.15199
4.17551   4.15297
4.1758   4.15297
4.17609   4.15263
4.17638   4.15276
4.17667   4.15366
4.17696   4.15369
4.17725   4.15361
4.17754   4.15307
4.17782   4.15475
4.17811   4.15506
4.1784   4.1549
4.17869   4.15536
4.17898   4.15598
4.17926   4.15558
4.17955   4.15633
4.17984   4.15595
4.18013   4.15652
4.18041   4.15707
4.1807   4.15727
4.18099   4.15847
4.18127   4.15769
4.18156   4.1585
4.18184   4.15849
4.18213   4.15876
4.18241   4.15884
4.1827   4.15892
4.18298   4.16036
4.18327   4.15955
4.18355   4.16018
4.18384   4.15983
4.18412   4.16041
4.18441   4.1609
4.18469   4.1609
4.18498   4.16104
4.18526   4.16017
4.18554   4.1607
4.18583   4.16154
4.18611   4.16238
4.18639   4.14642
4.18667   4.16817
4.18696   4.16358
4.18724   4.16338
4.18752   4.16279
4.1878   4.16435
4.18808   4.24908
4.18837   4.16566
4.18865   4.16441
4.18893   4.16434
4.18921   4.16634
4.18949   4.16548
4.18977   4.16613
4.19005   4.16529
4.19033   4.16664
4.19061   4.16611
4.19089   4.16703
4.19117   4.16764
4.19145   4.16686
4.19173   4.16729
4.19201   4.168
4.19229   4.16811
4.19257   4.16852
4.19285   4.16914
4.19312   4.16885
4.1934   4.16918
4.19368   4.16656
4.19396   4.16943
4.19424   4.16973
4.19451   4.17014
4.19479   4.17099
4.19507   4.1707
4.19535   4.1712
4.19562   4.17169
4.1959   4.17112
4.19618   4.17149
4.19645   4.17121
4.19673   4.16727
4.197   4.17284
4.19728   4.17286
4.19756   4.17296
4.19783   4.1717
4.19811   4.17397
4.19838   4.17383
4.19866   4.17413
4.19893   4.17456
4.19921   4.17467
4.19948   4.17415
4.19976   4.17487
4.20003   4.17554
4.2003   4.17564
4.20058   4.17576
4.20085   4.17641
4.20112   4.17536
4.2014   4.17686
4.20167   4.17721
4.20194   4.17706
4.20222   4.17751
4.20249   4.1779
4.20276   4.17789
4.20303   4.17845
4.2033   4.17832
4.20358   4.17813
4.20385   4.17938
4.20412   4.17987
4.20439   4.17958
4.20466   4.17615
4.20493   4.18003
4.2052   4.18088
4.20548   4.18085
4.20575   4.18076
4.20602   4.18054
4.20629   4.18129
4.20656   4.18182
4.20683   4.18181
4.2071   4.1826
4.20737   4.18223
4.20763   4.18259
4.2079   4.18317
4.20817   4.18318
4.20844   4.18355
4.20871   4.18401
4.20898   4.18433
4.20925   4.18463
4.20952   4.18396
4.20978   4.18518
4.21005   4.18475
4.21032   4.18516
4.21059   4.18575
4.21085   4.18587
4.21112   4.18656
4.21139   4.18591
4.21165   4.18674
4.21192   4.18741
4.21219   4.18678
4.21245   4.18765
4.21272   4.18779
4.21299   4.18733
4.21325   4.18722
4.21352   4.18899
4.21378   4.1879
4.21405   4.18747
4.21431   4.19346
4.21458   4.18668
4.21484   4.19204
4.21511   4.18924
4.21537   4.18924
4.21564   4.1907
4.2159   4.19027
4.21617   4.19042
4.21643   4.19194
4.21669   4.19124
4.21696   4.19191
4.21722   4.19201
4.21748   4.19214
4.21775   4.19227
4.21801   4.19284
4.21827   4.19327
4.21854   4.19364
4.2188   4.19342
4.21906   4.1935
4.21932   4.19409
4.21958   4.19454
4.21985   4.19611
4.22011   4.19513
4.22037   4.19502
4.22063   4.19568
4.22089   4.19504
4.22115   4.19568
4.22141   4.19604
4.22167   4.19343
4.22194   4.19621
4.2222   4.19686
4.22246   4.19787
4.22272   4.19749
4.22298   4.1977
4.22324   4.19776
4.2235   4.19822
4.22376   4.19829
4.22401   4.19865
4.22427   4.20108
4.22453   4.19943
4.22479   4.19941
4.22505   4.19972
4.22531   4.20002
4.22557   4.20026
4.22583   4.20013
4.22608   4.20051
4.22634   4.20057
4.2266   4.20126
4.22686   4.20123
4.22712   4.20217
4.22737   4.20233
4.22763   4.20338
4.22789   4.20258
4.22814   4.20317
4.2284   4.20331
4.22866   4.20374
4.22891   4.20332
4.22917   4.20365
4.22943   4.20421
4.22968   4.20399
4.22994   4.20421
4.23019   4.2036
4.23045   4.20518
4.2307   4.20655
4.23096   4.20479
4.23121   4.20567
4.23147   4.20574
4.23172   4.2024
4.23198   4.20647
4.23223   4.20697
4.23249   4.20615
4.23274   4.20749
4.233   4.20785
4.23325   4.20798
4.2335   4.20786
4.23376   4.20745
4.23401   4.20797
4.23426   4.20917
4.23452   4.20828
4.23477   4.20917
4.23502   4.20906
4.23528   4.21031
4.23553   4.20982
4.23578   4.20972
4.23603   4.21031
4.23629   4.21045
4.23654   4.2106
4.23679   4.21165
4.23704   4.2108
4.23729   4.21134
4.23754   4.21184
4.23779   4.21173
4.23805   4.21186
4.2383   4.21262
4.23855   4.21235
4.2388   4.21247
4.23905   4.21287
4.2393   4.21311
4.23955   4.21313
4.2398   4.21378
4.24005   4.2139
4.2403   4.2137
4.24055   4.21395
4.2408   4.21426
4.24105   4.21493
4.2413   4.21472
4.24155   4.21462
4.2418   4.21509
4.24204   4.21653
4.24229   4.21435
4.24254   4.21452
4.24279   4.21598
4.24304   4.21604
4.24329   4.21767
4.24353   4.21664
4.24378   4.21694
4.24403   4.21655
4.24428   4.21791
4.24452   4.21698
4.24477   4.21859
4.24502   4.21782
4.24527   4.21867
4.24551   4.21836
4.24576   4.2183
4.24601   4.21882
4.24625   4.21918
4.2465   4.21904
4.24674   4.21943
4.24699   4.2197
4.24724   4.2202
4.24748   4.22076
4.24773   4.22082
4.24797   4.22085
4.24822   4.21985
4.24846   4.22084
4.24871   4.22157
4.24895   4.2217
4.2492   4.22227
4.24944   4.22178
4.24969   4.22216
4.24993   4.22234
4.25018   4.22278
4.25042   4.22544
4.25066   4.22355
4.25091   4.22328
4.25115   4.22316
4.25139   4.22408
4.25164   4.2239
4.25188   4.22397
4.25212   4.2248
4.25237   4.22489
4.25261   4.22533
4.25285   4.22523
4.2531   4.2254
4.25334   4.21975
4.25358   4.22559
4.25382   4.22637
4.25406   4.22647
4.25431   4.22663
4.25455   4.22617
4.25479   4.22692
4.25503   4.22632
4.25527   4.22712
4.25551   4.22821
4.25575   4.22784
4.256   4.22783
4.25624   4.22683
4.25648   4.22856
4.25672   4.22873
4.25696   4.22988
4.2572   4.23144
4.25744   4.22941
4.25768   4.23067
4.25792   4.23002
4.25816   4.22959
4.2584   4.23051
4.25864   4.23039
4.25888   4.2301
4.25912   4.23104
4.25935   4.23092
4.25959   4.2309
4.25983   4.23149
4.26007   4.23086
4.26031   4.23253
4.26055   4.23255
4.26079   4.23261
4.26102   4.2326
4.26126   4.23358
4.2615   4.23317
4.26174   4.23341
4.26198   4.23376
4.26221   4.23554
4.26245   4.2342
4.26269   4.23332
4.26293   4.23438
4.26316   4.2339
4.2634   4.23493
4.26364   4.2445
4.26387   4.23491
4.26411   4.23545
4.26435   4.23605
4.26458   4.23559
4.26482   4.23649
4.26505   4.23642
4.26529   4.23648
4.26553   4.23743
4.26576   4.23679
4.266   4.23917
4.26623   4.23877
4.26647   4.23772
4.2667   4.23741
4.26694   4.23749
4.26717   4.23797
4.26741   4.23912
4.26764   4.2385
4.26788   4.2389
4.26811   4.23933
4.26834   4.23943
4.26858   4.23952
4.26881   4.23956
4.26905   4.24031
4.26928   4.2394
4.26951   4.24019
4.26975   4.24022
4.26998   4.24075
4.27021   4.24117
4.27045   4.241
4.27068   4.24114
4.27091   4.24117
4.27114   4.24144
4.27138   4.24214
4.27161   4.24126
4.27184   4.24481
4.27207   4.23883
4.27231   4.25475
4.27254   4.24675
4.27277   4.24134
4.273   4.24483
4.27323   4.24397
4.27346   4.24558
4.2737   4.24456
4.27393   4.24519
4.27416   4.24405
4.27439   4.24593
4.27462   4.24531
4.27485   4.2457
4.27508   4.24583
4.27531   4.24606
4.27554   4.2465
4.27577   4.24645
4.276   4.247
4.27623   4.24772
4.27646   4.24729
4.27669   4.24789
4.27692   4.24736
4.27715   4.24852
4.27738   4.24803
4.27761   4.24951
4.27784   4.24867
4.27807   4.24838
4.2783   4.24899
4.27852   4.24975
4.27875   4.2499
4.27898   4.24911
4.27921   4.24957
4.27944   4.25043
4.27967   4.24985
4.27989   4.25071
4.28012   4.25164
4.28035   4.25111
4.28058   4.25165
4.28081   4.2514
4.28103   4.25222
4.28126   4.25173
4.28149   4.25232
4.28171   4.25276
4.28194   4.25328
4.28217   4.25343
4.2824   4.25329
4.28262   4.25316
4.28285   4.2539
4.28307   4.25463
4.2833   4.25381
4.28353   4.25379
4.28375   4.25445
4.28398   4.25504
4.28421   4.2563
4.28443   4.25546
4.28466   4.25547
4.28488   4.25603
4.28511   4.25603
4.28533   4.25611
4.28556   4.25639
4.28578   4.257
4.28601   4.25698
4.28623   4.25691
4.28646   4.25739
4.28668   4.25781
4.28691   4.25783
4.28713   4.25829
4.28735   4.2582
4.28758   4.25813
4.2878   4.25884
4.28803   4.25706
4.28825   4.25963
4.28847   4.25897
4.2887   4.25978
4.28892   4.26015
4.28914   4.26044
4.28937   4.26015
4.28959   4.26024
4.28981   4.26082
4.29003   4.26099
4.29026   4.26167
4.29048   4.26128
4.2907   4.26159
4.29092   4.26213
4.29115   4.26261
4.29137   4.26238
4.29159   4.2629
4.29181   4.26296
4.29203   4.26292
4.29226   4.26402
4.29248   4.26303
4.2927   4.26379
4.29292   4.26394
4.29314   4.26397
4.29336   4.26657
4.29358   4.25979
4.2938   4.26475
4.29403   4.26497
4.29425   4.26671
4.29447   4.2654
4.29469   4.26428
4.29491   4.26557
4.29513   4.26629
4.29535   4.26618
4.29557   4.26663
4.29579   4.26646
4.29601   4.26724
4.29623   4.26715
4.29645   4.26785
4.29667   4.26742
4.29688   4.2683
4.2971   4.26822
4.29732   4.26864
4.29754   4.26856
4.29776   4.26919
4.29798   4.26523
4.2982   4.26951
4.29842   4.26995
4.29863   4.27018
4.29885   4.27013
4.29907   4.27043
4.29929   4.27023
4.29951   4.27112
4.29973   4.27044
4.29994   4.27186
4.30016   4.27144
4.30038   4.27142
4.3006   4.2723
4.30081   4.272
4.30103   4.27227
4.30125   4.27235
4.30146   4.27321
4.30168   4.27309
4.3019   4.27292
4.30211   4.2734
4.30233   4.27343
4.30255   4.27364
4.30276   4.27388
4.30298   4.27429
4.3032   4.27456
4.30341   4.27421
4.30363   4.27563
4.30384   4.27503
4.30406   4.27445
4.30428   4.27657
4.30449   4.27729
4.30471   4.27608
4.30492   4.27664
4.30514   4.27677
4.30535   4.27696
4.30557   4.27601
4.30578   4.27737
4.306   4.27748
4.30621   4.27727
4.30643   4.27812
4.30664   4.27823
4.30685   4.27802
4.30707   4.27842
4.30728   4.27838
4.3075   4.27869
4.30771   4.27918
4.30792   4.27917
4.30814   4.27973
4.30835   4.27978
4.30856   4.28009
4.30878   4.27979
4.30899   4.28028
4.3092   4.28049
4.30942   4.28067
4.30963   4.28099
4.30984   4.28116
4.31006   4.28183
4.31027   4.28094
4.31048   4.28186
4.31069   4.28184
4.31091   4.27983
4.31112   4.2827
4.31133   4.21672
4.31154   4.283
4.31175   4.28301
4.31197   4.28377
4.31218   4.28384
4.31239   4.28385
4.3126   4.28437
4.31281   4.28421
4.31302   4.28482
4.31323   4.28517
4.31345   4.28451
4.31366   4.28481
4.31387   4.28507
4.31408   4.28592
4.31429   4.28575
4.3145   4.28605
4.31471   4.28654
4.31492   4.28669
4.31513   4.28606
4.31534   4.28666
4.31555   4.288
4.31576   4.28694
4.31597   4.28724
4.31618   4.28735
4.31639   4.28877
4.3166   4.28821
4.31681   4.28852
4.31702   4.28897
4.31723   4.28911
4.31744   4.28978
4.31765   4.28999
4.31785   4.28972
4.31806   4.2899
4.31827   4.29241
4.31848   4.29034
4.31869   4.29028
4.3189   4.29024
4.31911   4.29116
4.31931   4.29124
4.31952   4.29148
4.31973   4.29191
4.31994   4.29121
4.32015   4.29187
4.32035   4.2925
4.32056   4.29237
4.32077   4.29269
4.32098   4.29353
4.32118   4.29463
4.32139   4.29352
4.3216   4.29164
4.32181   4.29488
4.32201   4.29424
4.32222   4.29449
4.32243   4.29478
4.32263   4.29504
4.32284   4.29508
4.32305   4.29534
4.32325   4.29614
4.32346   4.29591
4.32366   4.29636
4.32387   4.29645
4.32408   4.29647
4.32428   4.29684
4.32449   4.29703
4.32469   4.2973
4.3249   4.30156
4.3251   4.30249
4.32531   4.29804
4.32552   4.29834
4.32572   4.29814
4.32593   4.29857
4.32613   4.29857
4.32634   4.29946
4.32654   4.29944
4.32675   4.29959
4.32695   4.30446
4.32715   4.29993
4.32736   4.30057
4.32756   4.30062
4.32777   4.30109
4.32797   4.30069
4.32818   4.30125
4.32838   4.30154
4.32858   4.30157
4.32879   4.30173
4.32899   4.30221
4.32919   4.30239
4.3294   4.30273
4.3296   4.30316
4.3298   4.3024
4.33001   4.30302
4.33021   4.30335
4.33041   4.30252
4.33062   4.30389
4.33082   4.30451
4.33102   4.30704
4.33122   4.30435
4.33143   4.30473
4.33163   4.30564
4.33183   4.30518
4.33203   4.30619
4.33224   4.30567
4.33244   4.30616
4.33264   4.30623
4.33284   4.30543
4.33304   4.30669
4.33325   4.30674
4.33345   4.30724
4.33365   4.30716
4.33385   4.30756
4.33405   4.30673
4.33425   4.30795
4.33445   4.3082
4.33465   4.30798
4.33486   4.30805
4.33506   4.30884
4.33526   4.30903
4.33546   4.30921
4.33566   4.30995
4.33586   4.30961
4.33606   4.30967
4.33626   4.30934
4.33646   4.31081
4.33666   4.31043
4.33686   4.31002
4.33706   4.31168
4.33726   4.31245
4.33746   4.31205
4.33766   4.31112
4.33786   4.31125
4.33806   4.31238
4.33826   4.31275
4.33846   4.31121
4.33866   4.3132
4.33885   4.31098
4.33905   4.31325
4.33925   4.32671
4.33945   4.32433
4.33965   4.30906
4.33985   4.31658
4.34005   4.31296
4.34025   4.3161
4.34044   4.31461
4.34064   4.31403
4.34084   4.31524
4.34104   4.31519
4.34124   4.31601
4.34143   4.31562
4.34163   4.31537
4.34183   4.31641
4.34203   4.31696
4.34223   4.32068
4.34242   4.31717
4.34262   4.31626
4.34282   4.31688
4.34301   4.31759
4.34321   4.31758
4.34341   4.31799
4.34361   4.31803
4.3438   4.31816
4.344   4.31852
4.3442   4.3189
4.34439   4.31833
4.34459   4.32032
4.34479   4.31917
4.34498   4.31995
4.34518   4.31934
4.34537   4.32035
4.34557   4.32036
4.34577   4.32065
4.34596   4.32085
4.34616   4.32071
4.34635   4.32137
4.34655   4.32144
4.34674   4.32159
4.34694   4.32195
4.34713   4.32202
4.34733   4.32226
4.34753   4.32243
4.34772   4.3228
4.34792   4.32273
4.34811   4.32302
4.3483   4.32363
4.3485   4.32511
4.34869   4.3239
4.34889   4.32362
4.34908   4.32457
4.34928   4.3245
4.34947   4.32432
4.34967   4.32535
4.34986   4.3251
4.35005   4.32529
4.35025   4.32616
4.35044   4.32554
4.35064   4.32325
4.35083   4.32578
4.35102   4.32633
4.35122   4.32658
4.35141   4.32691
4.3516   4.32342
4.3518   4.32741
4.35199   4.32749
4.35218   4.32807
4.35238   4.32752
4.35257   4.32801
4.35276   4.32872
4.35295   4.32885
4.35315   4.3224
4.35334   4.32897
4.35353   4.32927
4.35372   4.32972
4.35392   4.32957
4.35411   4.32998
4.3543   4.33026
4.35449   4.32977
4.35468   4.33029
4.35488   4.33089
4.35507   4.33043
4.35526   4.33122
4.35545   4.33157
4.35564   4.33172
4.35583   4.33151
4.35603   4.33239
4.35622   4.33206
4.35641   4.33236
4.3566   4.33266
4.35679   4.33274
4.35698   4.33309
4.35717   4.33347
4.35736   4.33347
4.35755   4.33422
4.35774   4.33412
4.35793   4.33529
4.35813   4.33435
4.35832   4.33477
4.35851   4.33481
4.3587   4.33485
4.35889   4.33516
4.35908   4.33558
4.35927   4.33633
4.35946   4.33588
4.35965   4.33605
4.35984   4.33605
4.36003   4.33685
4.36021   4.3366
4.3604   4.33687
4.36059   4.33806
4.36078   4.3377
4.36097   4.33744
4.36116   4.33774
4.36135   4.3388
4.36154   4.33829
4.36173   4.33858
4.36192   4.33904
4.36211   4.33909
4.36229   4.33942
4.36248   4.33156
4.36267   4.33962
4.36286   4.33959
4.36305   4.34005
4.36324   4.34018
4.36342   4.34021
4.36361   4.3414
4.3638   4.33982
4.36399   4.34171
4.36418   4.35271
4.36436   4.34228
4.36455   4.34112
4.36474   4.34197
4.36493   4.3422
4.36511   4.34106
4.3653   4.34322
4.36549   4.34258
4.36568   4.34295
4.36586   4.34305
4.36605   4.34338
4.36624   4.34349
4.36642   4.3431
4.36661   4.34421
4.3668   4.34584
4.36698   4.34431
4.36717   4.34489
4.36736   4.34398
4.36754   4.34458
4.36773   4.34513
4.36791   4.34585
4.3681   4.34604
4.36829   4.34619
4.36847   4.34616
4.36866   4.34591
4.36884   4.34688
4.36903   4.34641
4.36922   4.34706
4.3694   4.34807
4.36959   4.34705
4.36977   4.34776
4.36996   4.34829
4.37014   4.34833
4.37033   4.34858
4.37051   4.34875
4.3707   4.34889
4.37088   4.34893
4.37107   4.34901
4.37125   4.34927
4.37144   4.34959
4.37162   4.35049
4.37181   4.34983
4.37199   4.35069
4.37218   4.35031
4.37236   4.34963
4.37254   4.35093
4.37273   4.35095
4.37291   4.35106
4.3731   4.35155
4.37328   4.35187
4.37346   4.35222
4.37365   4.35239
4.37383   4.35223
4.37401   4.35278
4.3742   4.35255
4.37438   4.35345
4.37457   4.35321
4.37475   4.35315
4.37493   4.35333
4.37511   4.35368
4.3753   4.35374
4.37548   4.35436
4.37566   4.35424
4.37585   4.35432
4.37603   4.35428
4.37621   4.35522
4.37639   4.35538
4.37658   4.35476
4.37676   4.35621
4.37694   4.3554
4.37712   4.36102
4.37731   4.35818
4.37749   4.35575
4.37767   4.35775
4.37785   4.35646
4.37803   4.35733
4.37822   4.3576
4.3784   4.35734
4.37858   4.35783
4.37876   4.35862
4.37894   4.35786
4.37912   4.35849
4.37931   4.35798
4.37949   4.35878
4.37967   4.35904
4.37985   4.35917
4.38003   4.35918
4.38021   4.35919
4.38039   4.35981
4.38057   4.35993
4.38075   4.36306
4.38093   4.36047
4.38112   4.35823
4.3813   4.36034
4.38148   4.36143
4.38166   4.3603
4.38184   4.36125
4.38202   4.36162
4.3822   4.36124
4.38238   4.36197
4.38256   4.36205
4.38274   4.36235
4.38292   4.36289
4.3831   4.36258
4.38328   4.36278
4.38346   4.36275
4.38364   4.36296
4.38382   4.36381
4.38399   4.36328
4.38417   4.36454
4.38435   4.36432
4.38453   4.36392
4.38471   4.36442
4.38489   4.36435
4.38507   4.36495
4.38525   4.36548
4.38543   4.36526
4.38561   4.36547
4.38578   4.36562
4.38596   4.3655
4.38614   4.36642
4.38632   4.36659
4.3865   4.36649
4.38668   4.36668
4.38686   4.36694
4.38703   4.36714
4.38721   4.36719
4.38739   4.36734
4.38757   4.36734
4.38775   4.36827
4.38792   4.36792
4.3881   4.36824
4.38828   4.36857
4.38846   4.3683
4.38863   4.36913
4.38881   4.36924
4.38899   4.36907
4.38917   4.36904
4.38934   4.36925
4.38952   4.36958
4.3897   4.37031
4.38987   4.36981
4.39005   4.3707
4.39023   4.37159
4.39041   4.36756
4.39058   4.37106
4.39076   4.37103
4.39094   4.37058
4.39111   4.37128
4.39129   4.37125
4.39146   4.37154
4.39164   4.37197
4.39182   4.3722
4.39199   4.372
4.39217   4.37241
4.39235   4.37271
4.39252   4.37294
4.3927   4.37284
4.39287   4.37337
4.39305   4.37325
4.39322   4.37446
4.3934   4.37478
4.39358   4.37374
4.39375   4.37423
4.39393   4.3742
4.3941   4.37466
4.39428   4.37429
4.39445   4.37367
4.39463   4.37512
4.3948   4.37687
4.39498   4.37542
4.39515   4.37573
4.39533   4.37591
4.3955   4.37556
4.39568   4.37669
4.39585   4.37673
4.39602   4.37686
4.3962   4.37672
4.39637   4.37714
4.39655   4.3773
4.39672   4.37741
4.3969   4.37788
4.39707   4.37772
4.39724   4.37824
4.39742   4.37734
4.39759   4.37868
4.39777   4.37866
4.39794   4.37929
4.39811   4.37924
4.39829   4.37918
4.39846   4.37947
4.39863   4.37977
4.39881   4.37968
4.39898   4.38015
4.39915   4.38048
4.39933   4.38064
4.3995   4.38078
4.39967   4.38096
4.39985   4.38101
4.40002   4.38109
4.40019   4.3819
4.40037   4.38214
4.40054   4.38177
4.40071   4.38267
4.40088   4.38272
4.40106   4.38299
4.40123   4.38279
4.4014   4.38387
4.40157   4.38499
4.40175   4.38297
4.40192   4.38386
4.40209   4.38379
4.40226   4.38407
4.40243   4.38439
4.40261   4.38438
4.40278   4.3849
4.40295   4.38481
4.40312   4.38489
4.40329   4.38513
4.40346   4.38545
4.40364   4.38601
4.40381   4.38568
4.40398   4.38583
4.40415   4.38661
4.40432   4.38656
4.40449   4.38767
4.40466   4.38681
4.40483   4.38728
4.405   4.38678
4.40518   4.38533
4.40535   4.38808
4.40552   4.3876
4.40569   4.38821
4.40586   4.39109
4.40603   4.38823
4.4062   4.38879
4.40637   4.38961
4.40654   4.38844
4.40671   4.38915
4.40688   4.3897
4.40705   4.38991
4.40722   4.38994
4.40739   4.39046
4.40756   4.39033
4.40773   4.39065
4.4079   4.39111
4.40807   4.39126
4.40824   4.37448
4.40841   4.39153
4.40858   4.39155
4.40875   4.3914
4.40892   4.3925
4.40909   4.39267
4.40926   4.3923
4.40943   4.39311
4.4096   4.39267
4.40976   4.39314
4.40993   4.39356
4.4101   4.39317
4.41027   4.3937
4.41044   4.39423
4.41061   4.39388
4.41078   4.39488
4.41095   4.39354
4.41111   4.3953
4.41128   4.39463
4.41145   4.39517
4.41162   4.39557
4.41179   4.3958
4.41196   4.39555
4.41212   4.39638
4.41229   4.39565
4.41246   4.39694
4.41263   4.3966
4.4128   4.39618
4.41296   4.39705
4.41313   4.39703
4.4133   4.39773
4.41347   4.39868
4.41363   4.39803
4.4138   4.3974
4.41397   4.39842
4.41414   4.39863
4.4143   4.39869
4.41447   4.39804
4.41464   4.39873
4.41481   4.39879
4.41497   4.39999
4.41514   4.39955
4.41531   4.39923
4.41547   4.40036
4.41564   4.40058
4.41581   4.40001
4.41597   4.40014
4.41614   4.40062
4.41631   4.40111
4.41647   4.4
4.41664   4.40185
4.41681   4.40191
4.41697   4.40176
4.41714   4.40049
4.41731   4.40192
4.41747   4.40268
4.41764   4.40318
4.4178   4.40221
4.41797   4.40315
4.41814   4.39819
4.4183   4.40761
4.41847   4.37849
4.41863   4.39968
4.4188   4.40493
4.41896   4.40106
4.41913   4.40204
4.41929   4.40569
4.41946   4.40625
4.41963   4.40433
4.41979   4.40405
4.41996   4.40332
4.42012   4.4075
4.42029   4.40388
4.42045   4.40473
4.42062   4.4055
4.42078   4.4067
4.42095   4.40491
4.42111   4.40659
4.42127   4.40643
4.42144   4.40629
4.4216   4.40632
4.42177   4.4028
4.42193   4.40839
4.4221   4.40674
4.42226   4.40703
4.42243   4.40753
4.42259   4.40693
4.42275   4.40743
4.42292   4.4074
4.42308   4.40778
4.42325   4.4079
4.42341   4.40786
4.42357   4.40859
4.42374   4.40739
4.4239   4.40863
4.42406   4.4087
4.42423   4.40867
4.42439   4.40918
4.42455   4.40911
4.42472   4.40937
4.42488   4.40974
4.42504   4.40979
4.42521   4.40916
4.42537   4.4098
4.42553   4.40967
4.4257   4.41049
4.42586   4.40967
4.42602   4.41038
4.42619   4.41081
4.42635   4.41024
4.42651   4.40852
4.42667   4.41093
4.42684   4.41108
4.427   4.41078
4.42716   4.41195
4.42732   4.41302
4.42749   4.41132
4.42765   4.40899
4.42781   4.41227
4.42797   4.41196
4.42813   4.41251
4.4283   4.40513
4.42846   4.4115
4.42862   4.41291
4.42878   4.41318
4.42894   4.41294
4.42911   4.41304
4.42927   4.41303
4.42943   4.41278
4.42959   4.41358
4.42975   4.41371
4.42991   4.41375
4.43008   4.4138
4.43024   4.41403
4.4304   4.41432
4.43056   4.41416
4.43072   4.41498
4.43088   4.41482
4.43104   4.4146
4.4312   4.41513
4.43136   4.41515
4.43152   4.41531
4.43169   4.4154
4.43185   4.41563
4.43201   4.41547
4.43217   4.41568
4.43233   4.41778
4.43249   4.41525
4.43265   4.4164
4.43281   4.41729
4.43297   4.41634
4.43313   4.41743
4.43329   4.41971
4.43345   4.41727
4.43361   4.41713
4.43377   4.41747
4.43393   4.41745
4.43409   4.41759
4.43425   4.41766
4.43441   4.41749
4.43457   4.41813
4.43473   4.41794
4.43489   4.41865
4.43505   4.41811
4.43521   4.41892
4.43537   4.41875
4.43553   4.41723
4.43569   4.41686
4.43584   4.41924
4.436   4.41923
4.43616   4.42026
4.43632   4.42042
4.43648   4.41973
4.43664   4.42022
4.4368   4.42004
4.43696   4.4203
4.43712   4.42037
4.43727   4.42101
4.43743   4.42036
4.43759   4.42106
4.43775   4.42059
4.43791   4.42108
4.43807   4.42091
4.43823   4.42133
4.43838   4.42116
4.43854   4.42192
4.4387   4.42175
4.43886   4.42181
4.43902   4.42157
4.43917   4.42227
4.43933   4.42268
4.43949   4.42242
4.43965   4.42287
4.43981   4.4237
4.43996   4.42284
4.44012   4.42306
4.44028   4.42349
4.44044   4.42277
4.44059   4.42339
4.44075   4.42397
4.44091   4.42469
4.44107   4.42372
4.44122   4.4242
4.44138   4.42439
4.44154   4.42464
4.4417   4.42459
4.44185   4.42463
4.44201   4.42438
4.44217   4.42458
4.44232   4.42497
4.44248   4.42542
4.44264   4.42546
4.44279   4.42551
4.44295   4.42562
4.44311   4.42613
4.44326   4.42602
4.44342   4.4265
4.44358   4.42629
4.44373   4.42654
4.44389   4.42666
4.44404   4.42686
4.4442   4.42671
4.44436   4.42696
4.44451   4.42755
4.44467   4.42725
4.44483   4.42783
4.44498   4.42822
4.44514   4.42765
4.44529   4.42781
4.44545   4.42874
4.4456   4.42821
4.44576   4.42853
4.44592   4.42886
4.44607   4.4289
4.44623   4.42921
4.44638   4.42908
4.44654   4.42929
4.44669   4.42953
4.44685   4.42929
4.447   4.43009
4.44716   4.42985
4.44731   4.43008
4.44747   4.4299
4.44762   4.43058
4.44778   4.42982
4.44793   4.4299
4.44809   4.43184
4.44824   4.43087
4.4484   4.42694
4.44855   4.42205
4.44871   4.43102
4.44886   4.43205
4.44902   4.43097
4.44917   4.43109
4.44932   4.43225
4.44948   4.43273
4.44963   4.42551
4.44979   4.42845
4.44994   4.43211
4.4501   4.43241
4.45025   4.43277
4.4504   4.4331
4.45056   4.43269
4.45071   4.43372
4.45086   4.43305
4.45102   4.43378
4.45117   4.43339
4.45133   4.43348
4.45148   4.43398
4.45163   4.43423
4.45179   4.43433
4.45194   4.4342
4.45209   4.43431
4.45225   4.4349
4.4524   4.41781
4.45255   4.4351
4.45271   4.43492
4.45286   4.4358
4.45301   4.43579
4.45317   4.4355
4.45332   4.43572
4.45347   4.43599
