2.26  2.16853
3.01  0.388924
3.26  0.296734
1.5  0.195446
1.76  0.390121
2.01  0.748989
2.51  0.833959
2.76  0.539759
2.27  2.38755
1.51  0.21312
3.02  0.388653
3.27  0.318544
1.77  0.409839
2.02  0.784339
1.52  0.209057
2.28  2.38202
2.52  0.850958
2.77  0.527024
1.78  0.429205
3.03  0.381758
3.28  0.30523
2.03  0.805991
1.53  0.209839
2.29  2.41553
1.79  0.42874
2.53  0.81939
2.04  0.835242
2.78  0.516226
1.54  0.216162
3.04  0.408293
3.29  0.2929
1.8  0.430243
2.3  2.06409
2.05  0.804824
2.54  0.795863
1.55  0.224689
2.79  0.509381
1.81  0.447544
2.31  1.91088
3.05  0.375678
3.3  0.295114
2.55  0.774601
1.56  0.2174
2.06  0.879597
2.8  0.495762
2.32  1.63749
1.82  0.450612
2.56  0.776883
2.81  0.530246
1.57  0.250044
3.06  0.384102
2.07  0.812858
2.33  1.54269
3.31  0.289528
2.57  0.747429
1.83  0.489072
2.82  0.490086
2.34  1.37727
1.58  0.261905
2.08  0.939699
2.58  0.709387
3.07  0.396066
1.84  0.478026
2.83  0.486315
2.35  1.31708
3.32  0.302246
1.59  0.250022
2.59  0.707114
2.09  0.914357
2.36  1.28447
2.84  0.504855
1.85  0.516612
1.6  0.262406
2.6  0.684734
3.08  0.380284
2.37  1.25866
3.33  0.281671
2.85  0.501587
2.1  0.936477
1.86  0.528221
2.61  0.710486
1.61  0.264293
2.38  1.21525
2.86  0.458577
2.11  0.971846
3.09  0.372134
2.62  0.679019
1.87  0.482877
3.34  0.274261
2.39  1.12864
1.62  0.27086
2.87  0.459919
2.63  0.642672
2.4  1.12378
2.12  0.994866
1.88  0.513052
1.63  0.283622
2.88  0.48672
3.1  0.376846
3.35  0.301253
2.41  1.07855
2.64  0.616873
1.89  0.533152
2.13  1.07597
1.64  0.294112
2.89  0.446559
2.42  1.10243
2.65  0.639373
3.11  0.370815
2.9  0.454021
1.9  0.567
3.36  0.285525
1.65  0.323137
2.14  1.14303
2.43  1.02377
2.66  0.660728
2.91  0.430531
2.44  1.01246
1.66  0.299051
1.91  0.593911
2.67  0.664173
2.15  1.17762
3.12  0.34325
3.37  0.278168
2.92  0.465577
2.45  0.947834
2.68  0.631496
1.67  0.316838
1.92  0.54593
2.16  1.20183
2.93  0.422056
2.46  1.00081
3.13  0.346224
2.69  0.586642
1.68  0.314952
3.38  0.281865
1.93  0.607182
2.47  0.926238
2.94  0.429623
2.17  1.15775
2.7  0.56725
1.69  0.335635
1.94  0.64352
2.48  0.904755
3.14  0.331362
2.95  0.407235
2.71  0.552778
3.39  0.269217
2.18  1.28678
1.7  0.341524
2.49  0.871984
2.96  0.405708
1.95  0.628841
2.72  0.592556
3.15  0.324783
2.19  1.35959
2.5  0.84438
1.71  0.376515
3.4  0.28156
2.97  0.406889
1.96  0.654875
2.73  0.532509
2.2  1.4084
1.72  0.335688
3.41  0.267836
3.16  0.337539
2.98  0.394568
1.97  0.73241
2.74  0.565073
1.73  0.368796
2.21  1.51656
3.42  0.262924
2.99  0.396538
1.98  0.676792
2.75  0.560529
3.17  0.34377
1.74  0.37824
2.22  1.58132
1.99  0.700737
3.43  0.262528
3  0.439785
3.18  0.338994
2.23  1.67228
3.44  0.265884
2.24  1.65371
3.19  0.318665
3.45  0.252178
2.25  2.09194
3.2  0.31935
3.46  0.250398
3.21  0.327781
3.47  0.25342
3.22  0.314444
3.48  0.248449
3.23  0.320784
3.49  0.25949
3.24  0.313787
3.5  0.25799
3.25  0.321196
