-0.893114  0.117998
3.48556  -3.0627
3.77637  -3.2267
3.52342  0.561954
3.11097  0.537602
2.4359  0.479342
2.36154  -2.21369
3.0738  -2.75774
-3.46454  -0.00867064
3.51033  0.56138
3.49897  -3.05343
3.78641  -3.20721
3.09113  0.536101
2.39656  0.475207
3.49707  0.560884
-0.750874  -0.114761
2.40224  -2.25301
3.09397  -2.73153
3.0709  0.534543
3.5122  -3.05767
3.79636  -3.24655
2.35562  0.470888
3.48364  0.560129
-0.0914354  -0.338872
3.05025  0.533067
2.44136  -2.28548
2.31294  0.466635
3.11375  -2.78441
3.47002  0.559549
3.52526  -3.03826
3.8062  -3.22509
3.02917  0.531448
0.302536  -0.566915
2.26834  0.461985
2.479  -2.30459
3.45621  0.558872
3.13314  -2.82456
3.00763  0.530005
0.584422  -0.747241
3.53815  -3.08682
3.81595  -3.24168
2.51527  -2.33875
3.44221  0.558168
2.22167  0.457186
3.15216  -2.81483
0.804071  -0.947385
2.98562  0.528323
2.55027  -2.3667
3.17083  -2.81508
3.42801  0.557335
3.55088  -3.09344
2.17271  0.452618
0.984056  -1.1036
3.82561  -3.26737
2.58409  -2.40798
2.96311  0.526385
3.18916  -2.82822
1.13653  -1.17302
3.41361  0.556575
2.12123  0.447232
2.61681  -2.44263
3.56345  -3.1004
2.94008  0.524815
3.20715  -2.84462
1.26881  -1.33244
3.83517  -3.23927
3.399  0.555932
2.64849  -2.43066
2.06695  0.441162
1.38562  -1.40109
3.22483  -2.82309
2.91651  0.522739
3.38417  0.554993
2.67919  -2.47647
3.57586  -3.0957
1.49019  -1.4971
3.84464  -3.25008
3.2422  -2.88603
2.00956  0.435139
2.89237  0.520466
2.70898  -2.50366
3.36911  0.554273
1.58486  -1.56476
3.25927  -2.90971
1.94867  0.427945
3.58812  -3.10586
2.73791  -2.55702
2.86764  0.51876
3.85403  -3.2528
1.67134  -1.63288
3.35383  0.553364
3.27606  -2.89974
2.76602  -2.52303
1.75093  -1.70964
1.88384  0.421163
2.84227  0.516459
3.33831  0.552382
3.29257  -2.8999
3.60023  -3.09879
3.86332  -3.2865
1.82465  -1.80211
2.79337  -2.51522
2.81625  0.514246
1.81451  0.413485
3.32254  0.551428
3.30881  -2.94153
1.89331  -1.87191
2.81999  -2.56724
3.61219  -3.12396
3.32479  -2.9305
2.78953  0.511605
3.87253  -3.2899
3.30652  0.550444
1.74001  0.405107
1.95755  -1.88095
2.84591  -2.62738
3.34052  -2.9322
2.01791  -1.95147
3.29024  0.549506
2.76208  0.509355
2.87119  -2.61848
1.65951  0.395202
3.62402  -3.1384
3.88166  -3.25946
3.35601  -2.97263
2.07484  -2.00846
2.89584  -2.62111
3.27369  0.548498
2.73385  0.506874
1.57195  0.384985
3.37126  -2.94218
2.1287  -2.04077
3.63571  -3.13354
2.91989  -2.65168
3.25687  0.547412
3.8907  -3.30041
2.7048  0.504054
2.17981  -2.09547
3.38628  -2.96952
1.47599  0.375707
2.94338  -2.67399
3.23975  0.546272
2.67489  0.501962
2.22843  -2.10219
3.64726  -3.15353
3.40108  -2.96827
2.96633  -2.67368
3.89967  -3.29561
1.36984  0.361874
3.22234  0.545155
2.2748  -2.17728
3.41567  -2.99317
2.64405  0.498931
2.98877  -2.71173
3.65868  -3.16634
1.25106  0.350357
2.31911  -2.16401
3.20462  0.544023
3.90855  -3.34791
3.43004  -3.00672
2.61223  0.495703
3.01072  -2.72356
1.11625  0.333847
3.18657  0.5428
3.91735  -3.28736
3.66997  -3.14945
3.44421  -2.98456
2.57936  0.492477
3.03219  -2.70479
3.1682  0.541651
0.960389  0.314854
3.92608  -3.27817
3.45818  -2.99621
2.54538  0.489496
3.05321  -2.73219
3.68113  -3.19296
3.14948  0.540328
0.775669  0.294568
2.5102  0.486252
3.93474  -3.33996
3.47196  -3.04618
3.69217  -3.14977
0.548918  0.263326
3.94331  -3.34994
0.255194  0.231893
3.70309  -3.17029
3.95182  -3.31988
-0.162465  0.174058
3.7139  -3.20689
3.96025  -3.33288
3.72458  -3.18191
3.96862  -3.32613
3.73516  -3.219
3.97691  -3.35512
3.74562  -3.1986
3.98514  -3.35123
3.75598  -3.22256
3.99329  -3.34355
3.76622  -3.23256
