2.26  -1.44296
3.01  -0.813342
3.26  -0.725597
1.5  -1.95075
1.76  -1.87609
2.01  -1.73865
2.51  -1.09768
2.76  -0.928232
2.27  -1.41759
1.51  -1.94884
3.02  -0.809819
3.27  -0.722937
1.77  -1.87175
2.02  -1.7303
1.52  -1.94717
2.28  -1.39471
2.52  -1.08904
2.77  -0.924794
1.78  -1.86742
3.03  -0.804725
3.28  -0.719521
2.03  -1.7224
1.53  -1.94473
2.29  -1.36884
1.79  -1.86337
2.53  -1.08119
2.04  -1.71463
2.78  -0.918038
1.54  -1.94272
3.04  -0.801916
3.29  -0.716776
1.8  -1.85905
2.3  -1.34584
2.05  -1.7064
2.54  -1.07354
1.55  -1.94057
2.79  -0.913556
1.81  -1.85514
2.31  -1.32784
3.05  -0.797683
3.3  -0.714559
2.55  -1.06498
1.56  -1.93828
2.06  -1.69815
2.8  -0.907262
2.32  -1.3096
1.82  -1.85056
2.56  -1.05702
2.81  -0.90359
1.57  -1.93561
3.06  -0.794277
2.07  -1.6902
2.33  -1.29325
3.31  -0.711053
2.57  -1.05016
1.83  -1.84568
2.82  -0.898652
2.34  -1.28068
1.58  -1.93311
2.08  -1.68091
2.58  -1.04236
3.07  -0.79094
1.84  -1.84131
2.83  -0.892962
2.35  -1.26514
3.32  -0.708506
1.59  -1.93097
2.59  -1.03661
2.09  -1.67197
2.36  -1.25236
2.84  -0.889195
1.85  -1.83625
1.6  -1.92804
2.6  -1.02884
3.08  -0.786533
2.37  -1.23987
3.33  -0.7048
2.85  -0.883054
2.1  -1.66251
1.86  -1.8303
2.61  -1.021
1.61  -1.92572
2.38  -1.22702
2.86  -0.878096
2.11  -1.65148
3.09  -0.784175
2.62  -1.01421
1.87  -1.826
3.34  -0.703227
2.39  -1.21558
1.62  -1.92292
2.87  -0.874115
2.63  -1.00713
2.4  -1.20315
2.12  -1.6423
1.88  -1.82051
1.63  -1.91982
2.88  -0.868787
3.1  -0.780803
3.35  -0.700664
2.41  -1.19276
2.64  -1.00127
1.89  -1.81503
2.13  -1.6312
1.64  -1.91679
2.89  -0.864742
2.42  -1.18263
2.65  -0.994568
3.11  -0.775936
2.9  -0.859805
1.9  -1.8087
3.36  -0.696791
1.65  -1.91389
2.14  -1.62069
2.43  -1.17112
2.66  -0.987917
2.91  -0.854715
2.44  -1.16231
1.66  -1.91091
1.91  -1.80311
2.67  -0.982334
2.15  -1.60854
3.12  -0.772723
3.37  -0.694129
2.92  -0.851154
2.45  -1.15221
2.68  -0.974831
1.67  -1.90785
1.92  -1.79756
2.16  -1.59703
2.93  -0.845684
2.46  -1.14138
3.13  -0.768469
2.69  -0.970078
1.68  -1.90469
3.38  -0.691439
1.93  -1.79111
2.47  -1.13285
2.94  -0.842733
2.17  -1.58638
2.7  -0.963551
1.69  -1.90121
1.94  -1.78625
2.48  -1.12467
3.14  -0.76566
2.95  -0.837702
2.71  -0.957105
3.39  -0.688966
2.18  -1.57238
1.7  -1.89786
2.49  -1.1146
2.96  -0.833193
1.95  -1.77947
2.72  -0.951295
3.15  -0.761194
2.19  -1.56087
2.5  -1.10552
1.71  -1.8946
3.4  -0.685715
2.97  -0.829794
1.96  -1.77248
2.73  -0.945898
2.2  -1.54647
1.72  -1.8908
3.41  -0.683557
3.16  -0.758156
2.98  -0.824954
1.97  -1.76575
2.74  -0.940381
1.73  -1.88745
2.21  -1.53153
3.42  -0.679881
2.99  -0.821821
1.98  -1.75895
2.75  -0.935102
3.17  -0.755762
1.74  -1.8837
2.22  -1.51651
1.99  -1.75271
3.43  -0.677674
3  -0.816888
3.18  -0.75089
2.23  -1.4997
3.44  -0.67562
2.24  -1.48268
3.19  -0.748344
3.45  -0.672958
2.25  -1.4635
3.2  -0.744805
3.46  -0.669736
3.21  -0.742136
3.47  -0.667605
3.22  -0.738914
3.48  -0.664475
3.23  -0.735386
3.49  -0.662299
3.24  -0.732094
3.5  -0.659922
3.25  -0.728744
