2.26  0.63277
3.01  0.0262958
3.26  0.0223184
1.5  0.986401
1.76  0.96267
2.01  0.908187
2.51  0.0614617
2.76  0.0356722
2.27  0.557487
1.51  0.985835
3.02  0.0265407
3.27  0.0227577
1.77  0.961226
2.02  0.90444
1.52  0.985347
2.28  0.501372
2.52  0.059092
2.77  0.0366194
1.78  0.95973
3.03  0.0264285
3.28  0.0218797
2.03  0.900542
1.53  0.984603
2.29  0.40071
1.79  0.958315
2.53  0.0572043
2.04  0.89672
2.78  0.0347334
1.54  0.984031
3.04  0.0269465
3.29  0.0223543
1.8  0.956764
2.3  0.319001
2.05  0.89256
2.54  0.0561215
1.55  0.983366
2.79  0.0333665
1.81  0.955384
2.31  0.266365
3.05  0.0256692
3.3  0.0219865
2.55  0.0542369
1.56  0.982674
2.06  0.888287
2.8  0.0336926
2.32  0.21805
1.82  0.953779
2.56  0.052742
2.81  0.0336843
1.57  0.981855
3.06  0.0254998
2.07  0.884239
2.33  0.186515
3.31  0.0214289
2.57  0.0506091
1.83  0.951933
2.82  0.0332445
2.34  0.174006
1.58  0.981109
2.08  0.879489
2.58  0.0488856
3.07  0.025323
1.84  0.950439
2.83  0.0327039
2.35  0.148364
3.32  0.0220396
1.59  0.980479
2.59  0.0494739
2.09  0.874167
2.36  0.13852
2.84  0.0334155
1.85  0.948468
1.6  0.979559
2.6  0.047259
3.08  0.0254421
2.37  0.125839
3.33  0.0218026
2.85  0.0313771
2.1  0.868917
1.86  0.946314
2.61  0.0459912
1.61  0.978854
2.38  0.117607
2.86  0.0306428
2.11  0.862689
3.09  0.025185
2.62  0.0436013
1.87  0.944701
3.34  0.0217434
2.39  0.109862
1.62  0.977964
2.87  0.0309498
2.63  0.0451089
2.4  0.101745
2.12  0.856858
1.88  0.94253
1.63  0.977004
2.88  0.0309449
3.1  0.0253636
3.35  0.0210228
2.41  0.0927582
2.64  0.0454625
1.89  0.940447
2.13  0.850304
1.64  0.976073
2.89  0.0296831
2.42  0.0865052
2.65  0.0431581
3.11  0.0247334
2.9  0.0300122
1.9  0.937966
3.36  0.0209514
1.65  0.975113
2.14  0.84321
2.43  0.0857265
2.66  0.0406391
2.91  0.0299615
2.44  0.0798891
1.66  0.974198
1.91  0.935858
2.67  0.0410023
2.15  0.834899
3.12  0.0243787
3.37  0.021599
2.92  0.0287743
2.45  0.0754633
2.68  0.0408947
1.67  0.973217
1.92  0.93354
2.16  0.826413
2.93  0.0296638
2.46  0.0730645
3.13  0.0244974
2.69  0.0396635
1.68  0.972161
3.38  0.0207325
1.93  0.930911
2.47  0.0691748
2.94  0.0288637
2.17  0.818781
2.7  0.0387882
1.69  0.971053
1.94  0.928965
2.48  0.0687119
3.14  0.0240126
2.95  0.0289001
2.71  0.0388005
3.39  0.0208322
2.18  0.807533
1.7  0.969969
2.49  0.0637411
2.96  0.0281891
1.95  0.926154
2.72  0.0373516
3.15  0.0237069
2.19  0.798285
2.5  0.0645923
1.71  0.968871
3.4  0.0197706
2.97  0.0278098
1.96  0.923169
2.73  0.0369126
2.2  0.785214
1.72  0.967687
3.41  0.0210048
3.16  0.0241108
2.98  0.028433
1.97  0.920195
2.74  0.0376119
1.73  0.966576
2.21  0.770441
3.42  0.0211986
2.99  0.0281037
1.98  0.917456
2.75  0.0365953
3.17  0.0230841
1.74  0.965298
2.22  0.754969
1.99  0.914485
3.43  0.0199285
3  0.0267338
3.18  0.0241032
2.23  0.731747
3.44  0.0197306
2.24  0.709104
3.19  0.0236134
3.45  0.0203328
2.25  0.669256
3.2  0.022765
3.46  0.02007
3.21  0.0233408
3.47  0.020206
3.22  0.0224908
3.48  0.0196287
3.23  0.0229543
3.49  0.0197051
3.24  0.0224109
3.5  0.0198571
3.25  0.022188
