2.26  62.7523
3.01  1.35756
3.26  0.901965
1.5  0.0271035
1.76  0.0925366
2.01  0.421166
2.51  8.79389
2.76  2.58184
2.27  108.317
1.51  0.0301936
3.02  1.29744
3.27  0.871851
1.77  0.0978596
2.02  0.447774
1.52  0.0293093
2.28  118.24
2.52  7.79643
2.77  2.72739
1.78  0.105149
3.03  1.33593
3.28  0.825284
2.03  0.483817
1.53  0.0304828
2.29  155.817
1.79  0.110181
2.53  7.61878
2.04  0.56391
2.78  2.43187
1.54  0.0318747
3.04  1.31177
3.29  0.882697
1.8  0.110572
2.3  142.338
2.05  0.576097
2.54  6.92872
1.55  0.0339372
2.79  2.33382
1.81  0.116693
2.31  116.891
3.05  1.27805
3.3  0.820019
2.55  6.83447
1.56  0.0341208
2.06  0.629735
2.8  2.26131
2.32  92.1775
1.82  0.125379
2.56  6.0174
2.81  2.16364
1.57  0.0392513
3.06  1.22636
2.07  0.684913
2.33  72.3398
3.31  0.825333
2.57  5.64328
1.83  0.137137
2.82  2.25795
2.34  64.3803
1.58  0.0413978
2.08  0.780925
2.58  5.46695
3.07  1.16803
1.84  0.138346
2.83  2.12721
2.35  46.4652
3.32  0.814774
1.59  0.0405484
2.59  5.49776
2.09  0.829825
2.36  42.6525
2.84  2.02575
1.85  0.153939
1.6  0.0432043
2.6  5.10034
3.08  1.17322
2.37  34.5003
3.33  0.800305
2.85  2.04117
2.1  0.918947
1.86  0.162048
2.61  4.44078
1.61  0.0441057
2.38  32.9385
2.86  1.96832
2.11  0.991036
3.09  1.17511
2.62  4.39112
1.87  0.151398
3.34  0.81503
2.39  27.9587
1.62  0.0466863
2.87  1.88843
2.63  4.44188
2.4  23.4862
2.12  1.14536
1.88  0.166984
1.63  0.0503523
2.88  1.86549
3.1  1.15572
3.35  0.742708
2.41  20.4781
2.64  4.20509
1.89  0.18291
2.13  1.36964
1.64  0.0520549
2.89  1.71845
2.42  17.6579
2.65  4.2428
3.11  1.15053
2.9  1.75275
1.9  0.197137
3.36  0.707798
1.65  0.0580289
2.14  1.68263
2.43  16.9222
2.66  3.76242
2.91  1.7446
2.44  15.0229
1.66  0.05643
1.91  0.211615
2.67  3.67603
2.15  1.89212
3.12  1.06673
3.37  0.742061
2.92  1.60003
2.45  12.8313
2.68  3.55606
1.67  0.0614657
1.92  0.202829
2.16  2.22942
2.93  1.67758
2.46  12.1091
3.13  1.12459
2.69  3.29256
1.68  0.0611833
3.38  0.756817
1.93  0.240446
2.47  11.2026
2.94  1.59801
2.17  2.34334
2.7  3.18256
1.69  0.0678873
1.94  0.262464
2.48  10.2834
3.14  1.03862
2.95  1.55942
2.71  3.20285
3.39  0.762156
2.18  3.27548
1.7  0.0678616
2.49  9.10674
2.96  1.51467
1.95  0.267987
2.72  3.07654
3.15  0.991394
2.19  3.51228
2.5  9.25986
1.71  0.0780278
3.4  0.660552
2.97  1.48492
1.96  0.290436
2.73  2.91904
2.2  4.55765
1.72  0.0724073
3.41  0.726716
3.16  1.03209
2.98  1.48057
1.97  0.339376
2.74  2.94618
1.73  0.0815813
2.21  6.48571
3.42  0.747696
2.99  1.52727
1.98  0.328024
2.75  2.65456
3.17  0.991034
1.74  0.0841841
2.22  7.57839
1.99  0.375533
3.43  0.676825
3  1.29801
3.18  1.01988
2.23  16.3201
3.44  0.646358
2.24  17.3752
3.19  0.994884
3.45  0.640201
2.25  53.235
3.2  0.947802
3.46  0.634162
3.21  0.911348
3.47  0.679305
3.22  1.01365
3.48  0.659912
3.23  0.945732
3.49  0.62417
3.24  0.903752
3.5  0.681251
3.25  0.858533
