2.26  0.638225
3.01  -0.0820261
3.26  -0.0101237
1.5  0.666661
1.76  0.666643
2.01  0.66653
2.51  -0.0293007
2.76  0.00273428
2.27  0.60543
1.51  0.66666
3.02  0.0569393
3.27  0.00492592
1.77  0.666642
2.02  0.66652
1.52  0.666661
2.28  0.580098
2.52  0.0194903
2.77  0.027107
1.78  0.66664
3.03  -0.0229625
3.28  0.0188312
2.03  0.666506
1.53  0.66666
2.29  0.495203
1.79  0.666638
2.53  -0.028241
2.04  0.666477
2.78  0.0184691
1.54  0.66666
3.04  0.069802
3.29  -0.018186
1.8  0.666638
2.3  0.399427
2.05  0.66647
2.54  0.0329608
1.55  0.666659
2.79  -0.0141879
1.81  0.666636
2.31  0.321933
3.05  -0.0545782
3.3  0.031594
2.55  -0.0251225
1.56  0.666659
2.06  0.666448
2.8  0.0562313
2.32  0.23927
1.82  0.666633
2.56  0.0445399
2.81  0.0367981
1.57  0.666658
3.06  -0.00205948
2.07  0.666427
2.33  0.184917
3.31  -0.025238
2.57  0.0223625
1.83  0.66663
2.82  -0.0312717
2.34  0.189081
1.58  0.666658
2.08  0.666389
2.58  0.019666
3.07  0.0202837
1.84  0.666629
2.83  0.0229015
2.35  0.125885
3.32  0.0640047
1.59  0.666658
2.59  -0.0193495
2.09  0.666366
2.36  0.118531
2.84  0.0682807
1.85  0.666625
1.6  0.666657
2.6  -0.00465565
3.08  0.0544674
2.37  0.137135
3.33  0.0067862
2.85  -0.0412676
2.1  0.666329
1.86  0.666622
2.61  0.0162884
1.61  0.666657
2.38  0.0399893
2.86  -0.0295044
2.11  0.666295
3.09  0.00690942
2.62  -0.0546743
1.87  0.666624
3.34  -0.09089
2.39  0.0409606
1.62  0.666656
2.87  -0.00671808
2.63  -0.0296789
2.4  0.0628727
2.12  0.66623
1.88  0.66662
1.63  0.666655
2.88  -0.0105425
3.1  0.00394456
3.35  0.0297353
2.41  0.0250006
2.64  0.0682088
1.89  0.666615
2.13  0.666137
1.64  0.666655
2.89  0.0193885
2.42  0.0264427
2.65  -0.0672793
3.11  -0.04352
2.9  0.00208737
1.9  0.66661
3.36  -0.00514784
1.65  0.666653
2.14  0.666003
2.43  0.0336855
2.66  -0.0337125
2.91  -0.00063509
2.44  0.0266966
1.66  0.666654
1.91  0.666605
2.67  -0.0380107
2.15  0.665907
3.12  0.0402663
3.37  0.071534
2.92  0.0082497
2.45  0.028705
2.68  -0.00526248
1.67  0.666652
1.92  0.666607
2.16  0.665748
2.93  0.0336971
2.46  0.043414
3.13  -0.00712855
2.69  0.00041918
1.68  0.666652
3.38  -0.0257375
1.93  0.666595
2.47  -0.0452608
2.94  -0.000542689
2.17  0.665674
2.7  -0.0431031
1.69  0.66665
1.94  0.666588
2.48  0.0828008
3.14  0.0316218
2.95  0.0376746
2.71  -0.000914314
3.39  -0.0522879
2.18  0.66527
1.7  0.66665
2.49  0.0470423
2.96  -0.00485252
1.95  0.666586
2.72  -0.0345903
3.15  0.0442788
2.19  0.665101
2.5  0.0702936
1.71  0.666648
3.4  -0.0325619
2.97  0.011829
1.96  0.666578
2.73  -0.0334003
2.2  0.66461
1.72  0.666649
3.41  0.0139879
3.16  0.0357544
2.98  -0.0223316
1.97  0.666562
2.74  0.0171738
1.73  0.666647
2.21  0.663686
3.42  -0.011713
2.99  -0.0126748
1.98  0.666564
2.75  0.0531462
3.17  -0.0422441
1.74  0.666646
2.22  0.663028
1.99  0.666548
3.43  -0.00108003
3  0.0630883
3.18  0.0474249
2.23  0.659758
3.44  -0.0198588
2.24  0.657891
3.19  0.00207251
3.45  0.0549587
2.25  0.646315
3.2  -0.0188918
3.46  0.0243352
3.21  0.0611031
3.47  -0.0158077
3.22  -0.103822
3.48  -0.0250623
3.23  -0.0103078
3.49  0.0361729
3.24  0.00534318
3.5  -0.0344356
3.25  -0.0100122
